10000 500
-448 426
-190 -268
488 196
-180 -181
-195 413
114 398
119 -69
154 73
421 84
209 -456
149 451
66 -184
220 -263
-59 -154
160 -307
55 -304
-4 463
81 283
4 -495
451 -435
418 47
114 36
104 -111
-481 422
-425 -114
178 -365
-153 -492
-201 151
-464 221
-416 -484
81 -109
-301 -184
-145 480
-131 -101
88 -401
191 124
320 -369
-416 460
-117 153
-332 147
188 24
468 -295
310 -375
61 208
-175 -373
493 376
-472 224
-181 331
-408 364
-369 331
371 -386
290 248
214 -291
159 -178
119 -76
122 110
396 -183
383 36
-40 259
-162 -79
79 10
-466 186
-124 363
-408 369
480 28
-482 -150
-234 -139
-229 -247
77 -456
468 26
-170 346
480 9
302 306
156 -181
38 41
194 -476
257 147
-198 -310
318 389
-495 426
-473 -57
-390 -358
145 -475
-261 55
-379 192
-231 -344
-82 -334
350 -166
52 -142
-287 -2
-24 12
-497 -152
57 -163
-214 -151
-66 485
-409 -170
-59 -162
-317 -358
196 -35
72 -366
62 -34
-451 48
-128 -459
-44 -285
220 -438
-87 -35
486 316
-313 -212
-323 -327
-100 -163
156 316
-40 206
-30 465
138 -302
-274 414
-500 -429
-185 -262
-80 -317
68 -430
-237 -157
423 297
1 328
-297 40
-255 -158
-178 38
258 -489
-464 346
-498 -456
-171 -169
374 410
-335 279
-241 -456
106 99
227 -441
-231 -310
-149 10
13 -496
459 -89
-116 144
-314 -127
-68 37
132 479
281 -482
185 438
239 -263
416 58
59 -391
431 299
-179 -262
437 -107
57 244
74 72
310 342
-74 -14
-131 230
365 273
414 102
488 30
-119 -17
-458 -343
6 -481
-326 77
-445 110
178 425
294 -249
-186 434
289 -166
485 -95
-468 202
273 386
-161 414
-198 182
152 -8
434 -450
-110 258
114 272
487 -437
-29 7
-250 236
-409 -186
-32 -241
432 221
-320 -158
-463 -409
50 -448
244 283
-378 -455
-180 186
-100 -68
-123 -215
-359 -158
-296 15
51 -108
107 256
162 255
312 156
216 -481
-155 -374
-246 122
116 -31
-105 -369
52 -240
401 247
-17 43
313 -174
-171 -263
176 181
2 85
-173 11
-5 -182
166 233
-49 -414
53 479
59 -488
-281 11
406 301
92 -440
63 -96
104 87
316 409
152 356
-92 -88
101 -35
-474 417
-266 -113
228 339
315 242
411 -255
-16 -451
-396 -207
-346 -380
-272 -341
456 -383
94 388
140 -54
-327 -92
433 130
481 -300
-496 33
326 148
-282 -352
-388 -412
-200 -336
-269 -223
-464 -197
-81 35
-184 -90
464 85
292 -220
-286 -460
-283 -58
-257 203
-38 -318
-405 -154
-190 -70
121 454
208 -185
173 149
-82 197
249 -206
262 240
428 -73
-132 -153
-169 -415
463 417
170 40
-246 349
279 -376
-194 246
52 446
387 47
391 479
-266 -93
149 30
-91 -152
-100 180
273 -443
-230 -491
115 481
-122 440
90 126
-75 -81
-420 143
399 73
-413 -19
-437 252
474 -144
-248 -129
-224 68
230 -410
420 170
-12 287
402 -391
267 -59
-36 404
483 -334
317 -99
-339 99
-374 450
57 -113
-118 440
-408 -168
-49 -394
-348 13
-395 -93
87 -457
-29 258
113 -30
-192 -52
-10 270
304 54
-336 -217
311 197
-263 -150
-267 -360
267 -94
362 406
-485 -55
-356 87
67 -206
54 423
72 -281
-277 288
-293 -178
-396 286
-309 362
-409 345
195 279
497 95
32 333
-84 393
415 241
188 55
-4 -368
478 405
-355 70
443 -152
-248 71
12 -20
339 171
-2 -200
107 271
-8 -195
-10 377
-142 -94
-428 292
64 467
179 -27
-225 27
-157 357
24 -256
-205 -31
347 -194
-319 438
-187 -401
335 -383
453 57
-348 102
-453 272
-208 342
-134 334
-100 359
241 168
-391 151
-364 -413
81 -64
-440 295
-173 -181
438 -150
-374 478
-25 -280
-72 -40
154 322
-273 382
170 -404
409 -129
-445 316
8 53
-386 -425
-184 -139
467 -2
484 73
-298 -366
-418 -13
-427 227
499 37
289 231
-354 271
-388 -215
-284 -311
482 -296
480 465
211 410
-200 479
295 -383
280 -73
-477 148
-491 -481
243 41
269 -190
-64 114
268 -220
420 -435
-382 -409
132 336
148 -211
-322 -163
-449 295
-390 -125
-299 -139
-498 -235
-223 375
-380 -378
-171 -12
-385 413
158 -408
-266 -386
46 -277
-96 465
-430 -31
23 -163
268 428
-222 389
336 -375
428 -419
-457 160
267 451
-500 295
-301 -438
238 -111
-43 -341
445 -336
-9 159
-462 -244
-13 296
10 -60
52 -255
-404 -492
-145 202
-469 80
415 225
-243 -464
219 278
-131 -124
-180 -418
-314 -111
-62 -319
-251 -259
456 249
-207 -36
418 173
421 -367
-418 133
-433 244
-273 -439
358 -357
473 87
68 -274
-470 -285
482 119
-329 100
9 274
301 -420
-266 217
162 -1
-458 307
-70 240
-493 62
-490 289
-267 362
66 -390
-132 80
-226 468
-164 -29
-385 -154
-278 -338
367 -497
-281 -117
-307 155
2 251
54 403
240 119
5 318
-367 -97
-337 -67
240 -148
-170 41
-73 -138
493 97
219 -226
-499 -4
-96 117
-272 -269
376 -349
-155 -429
-392 452
28 -46
-236 -127
-310 303
-196 -413
438 343
-81 -379
412 -434
239 387
-430 443
-260 -459
194 495
-466 -344
312 -498
-59 407
292 103
-292 -130
194 -359
190 448
328 -370
190 369
151 -59
285 206
-250 -310
-464 -253
-237 -55
-112 -179
403 -101
399 330
-403 -432
-41 14
-438 -178
-99 128
-129 320
-90 395
150 258
-128 -495
-6 180
236 -195
-262 -386
35 24
255 244
-441 351
-351 -319
-493 -462
-281 16
-19 240
-82 360
251 297
-195 488
92 -132
-106 172
-447 -301
-490 391
-252 -84
9 402
343 -255
-184 459
-41 465
-348 105
99 -408
-136 -353
-360 -155
-102 143
447 -333
90 49
-15 83
-202 -388
-63 -361
-171 4
107 401
-301 69
300 -43
100 279
-390 29
-364 -78
269 20
-362 364
111 261
236 -151
408 -27
-289 -454
-388 390
303 377
121 -307
-499 163
147 190
-321 191
-398 -146
-116 335
-192 -190
-207 -91
347 -434
3 248
-350 216
173 182
446 167
468 -69
78 438
121 -245
127 -251
-337 -115
11 -422
95 -398
-286 379
296 -332
-305 -361
122 169
-411 -42
269 482
-479 -497
453 103
337 -351
-183 -434
261 475
4 -404
-91 71
-197 58
-380 388
-247 -77
-44 -308
120 422
193 414
288 -9
410 69
-363 -37
69 280
-444 132
18 -198
333 -319
124 -187
-168 233
115 211
297 49
-259 -418
38 37
110 -135
187 452
-235 -370
-5 -473
154 57
426 -310
-283 308
-303 276
-416 229
178 -316
-64 -99
-404 28
-448 -366
409 259
-82 -281
302 -386
-110 490
-478 182
-44 151
-85 -352
-139 -5
-226 72
-335 -356
-171 335
364 207
166 88
-253 -287
-47 133
492 -446
-14 103
-224 119
96 -418
167 -161
-35 -482
-147 369
-240 250
268 -60
7 -307
-342 -58
-56 135
309 1
-302 116
-84 -405
-169 492
-169 101
-3 -202
-54 -226
14 126
-491 400
244 -303
-144 44
-327 -210
-34 -374
38 472
-481 460
466 -247
-165 323
-170 329
115 -279
-106 -232
-302 153
298 272
-92 204
-386 -242
181 110
207 -94
-91 -232
303 444
83 79
131 42
-152 284
323 -168
-482 101
433 231
97 -131
-458 -47
380 40
97 324
-82 297
-271 -291
-394 -113
54 431
269 -267
339 -285
-164 161
-330 138
94 336
-286 266
399 480
-195 197
-148 109
-322 -240
325 -464
-278 162
81 5
159 -228
369 100
-128 -264
-265 427
130 -404
-328 330
-74 441
480 -401
-423 439
141 -182
56 -220
-241 -117
-56 229
214 -365
-148 -365
-492 113
440 -6
284 334
334 462
420 242
-393 103
431 -119
-475 -266
-226 424
46 296
408 -75
187 -365
-337 462
482 119
-419 312
-175 -1
391 -461
-156 448
-207 387
-232 -183
-254 -437
129 43
186 165
-23 210
57 -3
298 -195
-279 55
-146 363
-202 182
405 -481
-35 222
-209 149
467 -36
-318 229
-200 -259
86 488
-317 212
-441 248
400 448
147 237
256 -435
245 -43
-169 218
-7 204
-365 -485
328 236
291 7
327 -378
-217 -27
467 458
367 395
87 36
-489 7
34 39
-303 209
483 54
-461 -256
-2 1
-118 332
-269 -499
495 229
141 407
185 -246
-408 -102
-69 -324
447 278
24 492
461 124
-180 -334
-110 64
-67 -88
-144 310
-78 446
479 -24
251 -161
-450 310
473 -76
162 -113
-338 -233
100 24
-184 91
142 -141
-310 -70
-58 -103
-20 207
-265 -310
357 -67
492 292
198 -281
38 179
-64 322
-488 -208
-255 32
-16 93
-29 -202
249 -472
-347 -8
-192 390
214 52
459 66
-329 244
-88 -154
-320 168
197 -71
470 139
68 -71
404 117
106 283
263 121
471 465
-481 -417
-440 -189
434 61
-332 -143
-93 418
-244 56
419 227
-497 483
239 193
-332 92
-309 419
393 339
276 8
99 -10
60 55
-313 -70
-126 307
-327 377
-232 -495
219 -36
241 -196
233 395
-238 -29
322 274
-400 32
489 -242
283 -435
412 -455
-126 -237
-11 -470
479 -237
-32 209
68 -400
348 -327
-266 -332
-75 -257
-384 434
-127 -214
-221 52
-310 -245
493 462
-404 311
56 -278
-41 -62
445 -170
-450 -306
-128 307
-151 -419
-474 -153
161 -444
28 190
-478 480
129 -252
-219 -427
167 -282
-337 -355
-426 -63
44 -226
-174 -437
-400 167
398 -127
215 379
440 -184
139 279
135 345
-353 -247
123 310
-54 -278
267 -366
-283 -490
-371 -487
-432 -240
426 362
-294 115
-281 126
-56 207
-165 -460
-232 -343
-306 483
-81 -370
-57 372
-377 -367
-431 -130
172 -197
215 -268
257 450
181 45
167 -362
-439 -374
182 -361
-55 285
31 -245
-441 -73
-119 239
386 -366
-70 451
-73 425
-439 -261
464 -226
378 -149
-380 362
-367 -36
384 58
258 -396
-45 -401
-184 -406
-280 278
477 -166
-9 -422
-190 478
-347 -105
495 46
-242 449
53 256
-320 292
242 -284
290 293
429 -278
-356 -176
378 -219
209 299
-88 331
-126 107
25 421
-443 486
-302 -331
-362 -279
132 -418
36 371
43 -224
168 225
-283 -197
425 275
-420 -196
-389 -249
31 -226
385 29
358 -85
481 -93
-467 -180
72 -71
-421 -324
-203 -297
331 411
-246 -202
362 -6
-40 277
-46 -453
-310 277
-89 467
-219 311
-7 -246
478 4
-375 -486
228 413
-481 358
280 -203
299 -155
-101 195
-382 215
135 324
-37 -449
328 448
379 401
212 -52
366 -161
-271 -423
7 375
-363 -342
-390 -65
44 -341
240 -149
-146 496
131 -146
23 452
258 159
-437 220
-386 -274
161 339
382 80
207 -313
473 -81
-497 -85
91 -147
480 -362
-439 162
-296 44
-472 -324
161 420
162 327
25 -206
-285 -26
350 278
-493 -328
-110 -388
-371 86
-340 -195
183 419
-465 -402
459 -107
-218 -424
310 -180
296 32
110 -303
497 336
138 -239
-159 -163
492 -358
-31 434
418 484
-45 -467
-250 -53
-54 368
34 389
34 -341
-400 -9
-288 16
-423 173
-315 455
-244 337
319 67
385 292
-48 101
-170 -365
-413 -392
-221 131
413 -268
-119 -320
369 -345
144 -413
-249 33
-263 -334
205 254
-31 -340
-187 -327
-32 -491
-455 351
-112 -1
-83 402
402 -478
-163 240
-163 221
95 371
128 -139
161 -143
58 109
-18 183
-168 231
285 34
447 58
-366 182
-13 -315
-278 -397
215 298
305 388
222 -409
206 378
497 -231
-391 -23
-367 89
251 -80
-96 -4
-361 -289
347 -283
208 316
-445 -378
484 -457
-443 -176
-377 -473
54 319
-469 308
202 -79
-50 -410
15 200
180 -91
-258 221
-274 3
466 392
107 -488
252 485
-73 -492
261 -55
170 -318
-75 446
-46 -261
-20 -477
19 240
64 -152
413 -340
-1 -423
39 129
-467 -96
371 178
-425 152
154 81
-287 383
249 235
117 -437
116 56
-227 -208
42 303
-77 89
-191 -135
494 270
-60 -179
-288 -396
498 -108
-105 275
-103 37
256 468
-214 -484
402 50
-17 -433
-206 347
-246 26
-413 198
-16 35
-303 -473
-50 -72
-82 -200
266 -481
-228 -373
413 -410
379 -202
176 -147
349 477
93 -24
33 382
95 97
86 -351
365 -290
-176 -49
-38 199
-65 293
-199 3
494 385
-409 -117
-391 -68
185 -321
-189 -344
-456 112
-418 419
474 -11
-484 -163
483 -206
-97 391
236 134
444 -332
162 -261
-307 -284
34 36
-346 455
-260 -206
-384 -321
293 -89
-483 -175
-270 -249
35 478
-358 -389
-267 356
435 144
278 202
271 384
-393 452
160 352
-390 300
-366 265
-432 234
-464 346
233 133
-6 -290
330 -158
-75 -310
444 -59
83 -197
370 -90
237 85
362 -411
-385 -154
-488 200
459 180
216 420
128 68
-397 -29
-341 -451
19 -194
-145 260
-486 195
481 66
360 40
-401 -181
-452 25
-429 -107
-75 259
-193 329
-168 27
48 389
-139 356
-420 166
402 -210
394 -40
241 292
346 141
467 -89
-75 224
-352 -162
-252 -342
181 276
488 493
301 -261
-150 -272
-477 224
301 362
-186 -298
-391 -366
-410 232
-376 86
231 -39
-114 250
-37 -42
-163 132
-27 -81
46 -402
-277 -343
135 443
-93 367
393 118
242 -125
193 -209
344 95
258 -345
88 -15
129 86
-329 367
329 -381
-221 -474
48 460
470 346
466 230
-286 177
436 -161
-425 304
451 410
212 427
-34 380
-309 311
-303 309
471 -486
-452 -232
330 -211
-276 -10
-198 144
256 -457
395 -369
126 -77
476 -4
-361 -335
-453 253
-128 -282
449 328
75 256
-266 -100
-307 251
108 -95
-31 -476
-313 -413
485 -84
408 107
-92 -233
254 367
-20 13
-346 435
440 25
4 463
336 -40
-5 418
-113 365
225 -40
150 35
-145 481
-304 401
327 -334
-442 149
-466 335
131 -62
349 -79
274 108
-382 276
-17 -394
468 -275
123 258
376 -302
60 73
-371 -102
-268 -445
-337 -49
249 -199
474 473
-211 408
-396 -323
39 -319
-304 -491
162 320
296 -70
-68 -247
-133 143
-423 -302
448 400
161 -435
-254 202
472 -396
-332 -275
364 -294
295 -232
-212 223
-167 212
-345 -492
-280 355
-445 192
-360 34
-441 -70
73 -331
411 177
-444 378
206 -88
-449 369
-219 335
370 -311
293 -170
392 -166
-448 230
-124 291
-181 412
-236 36
-155 88
-378 -40
185 293
496 -369
-442 68
-278 -37
308 -339
-490 -219
424 152
-82 393
-215 -8
191 -33
-140 290
-163 -365
-171 14
352 -49
295 -357
189 -160
222 -321
-105 -154
139 375
-89 -352
63 99
-22 344
68 94
-438 90
64 -363
-136 -405
-349 302
424 -105
-53 99
277 11
-98 -441
391 421
-439 -208
218 33
-442 429
354 -75
-158 -470
-29 47
-480 -302
-347 77
-408 493
112 -274
-139 -190
-340 -273
-138 421
245 -240
-310 -115
45 144
145 -472
-174 462
120 136
-311 -326
197 26
235 155
93 -245
-224 403
259 462
257 432
-71 -83
-270 3
451 -396
271 342
186 388
198 -102
-265 -274
158 7
169 493
414 -240
32 298
58 157
67 314
-95 -206
231 -445
-374 385
336 -17
-256 276
413 -320
-316 -267
-41 -68
290 249
-485 -365
-266 370
481 -9
257 189
-397 -302
-194 -20
225 -249
-54 196
-364 -46
-140 -447
-5 -143
281 -152
99 -145
354 437
-223 -129
-310 -481
485 142
83 89
407 372
105 26
-411 -12
-143 -153
89 161
-270 -465
-348 251
-91 -424
319 -285
-462 -64
212 444
236 399
-88 -189
-307 475
-468 240
44 67
-36 -292
-226 -288
-280 333
434 280
-319 201
-214 189
-122 -88
39 318
-233 -12
-51 45
41 -299
287 321
-396 -80
-173 100
-335 -368
305 -265
209 -208
8 205
378 -456
306 -298
-238 246
337 213
-39 -194
58 84
226 -403
337 285
298 -245
85 -492
-99 -145
-291 60
245 127
-205 431
-68 440
248 147
68 -165
-448 -167
-172 -231
231 183
-258 -16
317 -64
-145 -210
222 -174
279 373
445 -135
-254 -168
-278 -462
-482 477
57 18
-107 -437
-139 392
-355 294
28 -7
111 -39
-451 -413
109 -405
248 75
-449 302
-179 -253
400 499
31 358
428 -446
106 -370
84 -231
411 -272
126 490
375 14
87 418
-329 -434
114 -193
-470 128
142 -30
59 -234
-54 -339
-492 343
196 183
284 93
-101 285
101 -352
433 35
-279 -143
-371 180
14 -468
488 -121
-41 304
311 -454
342 264
200 75
39 335
-56 -348
-410 128
92 183
259 -68
383 -221
340 -112
-133 -283
164 -163
-92 10
163 217
65 452
-313 23
-92 -253
81 131
-396 286
-214 16
-351 -149
296 -171
328 363
-284 -355
-393 -423
-386 326
-116 356
-5 92
201 219
-330 487
386 -143
188 139
386 -70
-228 -457
-45 -380
-89 32
436 321
-444 -378
-200 228
-432 294
269 250
180 -310
-206 -325
479 487
20 -232
-459 45
-93 -312
-120 132
193 -58
-98 -163
274 -35
-133 278
-350 455
457 -101
-476 225
-35 313
335 -380
452 388
262 32
494 412
311 409
-54 -29
203 -58
186 -150
-488 352
-184 -203
-60 -80
-344 -52
-93 132
-216 36
-133 -92
-90 429
-26 71
-455 44
143 195
162 92
-175 -83
-484 -367
436 494
146 206
33 -177
-376 119
448 422
-411 297
-441 257
248 -447
86 234
408 -30
394 476
496 -269
-425 341
451 352
-487 93
44 311
-348 158
41 -58
-54 -28
296 20
-355 350
-245 485
158 -243
-279 26
254 341
317 -368
234 499
275 271
116 -250
103 -386
64 -8
248 269
-212 -146
-234 172
180 -26
264 162
268 457
-447 -336
295 353
-461 175
-136 237
36 -361
-288 59
241 170
-89 413
-56 136
206 231
314 220
364 447
225 -466
-369 30
-346 123
405 135
-1 -342
300 21
431 -64
-233 338
-258 119
-294 101
-246 378
-240 -109
110 236
-134 -87
50 90
-213 137
-365 -194
234 -404
-12 -235
32 -49
-187 355
235 -472
-412 230
162 -302
458 -272
137 -104
31 -167
-185 -9
-257 68
-290 -65
-274 -208
-181 -397
59 -173
359 -313
482 98
-59 113
332 171
133 363
362 423
136 16
-16 490
125 -331
287 453
43 322
-163 151
440 449
-223 151
338 94
33 36
-356 39
278 -351
115 470
203 195
298 109
266 100
-406 -70
-336 494
-170 435
362 304
-394 -29
-73 -163
-39 398
-136 -259
345 -199
246 -293
2 -51
218 -143
-412 278
-149 41
-463 -161
43 62
400 417
459 426
379 3
-440 -263
246 363
326 -459
-87 -250
277 -412
-272 325
-144 -57
-455 -31
301 380
46 432
10 -74
-141 -120
-171 -444
-70 164
-200 -425
-363 205
346 480
60 -134
-39 -487
-256 -270
230 162
-41 369
-358 -88
121 442
224 -375
298 469
-270 -101
-223 -111
457 277
-480 195
-265 -474
-27 -104
-120 317
-200 -49
368 -202
354 406
-79 397
-418 385
-82 -383
-263 74
-320 -497
101 371
374 -159
474 150
443 -447
-288 89
-3 489
-348 -288
408 -199
35 227
-214 -6
-107 -358
-232 -244
-284 -281
-439 -109
-290 171
313 -57
-322 67
65 267
-430 132
-355 -162
-143 -3
6 -207
147 -372
433 289
173 -101
279 -315
412 -292
55 -134
234 -485
41 -3
-456 227
-420 16
-341 36
51 81
-398 252
-6 231
-426 139
168 463
-462 -429
-248 -162
-242 423
-272 263
231 67
-115 448
169 30
-378 -432
143 -349
-319 475
-22 38
-61 274
-447 285
-180 -220
288 276
162 -423
-220 -355
-291 145
197 448
-461 320
461 112
276 -427
496 -474
-296 -100
205 -222
-432 -40
140 143
11 -195
-336 471
362 349
294 -289
-426 -280
311 419
-440 258
163 -67
257 -280
470 -374
-5 -333
368 -187
-16 328
215 -127
106 463
360 -31
306 -325
198 210
-388 457
298 292
-253 212
-101 84
-151 -351
343 150
258 62
-349 -375
-278 -192
272 -453
-12 -74
-313 127
445 -368
-41 443
-148 -92
-169 -222
-327 105
179 393
-123 265
-399 497
-163 -237
451 215
-316 188
-483 425
-107 -359
158 -386
-36 -379
428 114
162 432
-194 333
271 -359
357 -19
-474 5
-155 56
-29 225
16 -290
-233 84
-35 -66
-344 -480
407 449
242 -453
-376 52
291 -191
288 162
174 -84
73 -391
142 -34
205 -141
357 -146
-463 112
325 314
-389 -390
199 -84
363 289
323 -120
94 -112
223 -67
-231 -136
-349 -166
-12 315
140 418
-124 268
175 475
-211 -35
97 -316
-416 305
-27 -139
-174 299
-219 -29
397 214
228 -12
-229 -177
396 -81
-345 208
-172 -232
-337 287
-116 -109
319 -186
51 319
-385 -397
-367 469
-375 -93
-87 -247
-205 -437
-183 -96
132 -217
189 354
324 246
-96 267
-36 6
-123 12
-87 4
118 159
355 -185
186 139
187 -242
364 -244
-156 326
-46 63
-416 -64
-341 -292
-362 -405
-12 53
339 134
477 142
-80 -383
55 -82
498 308
-327 453
15 207
268 -402
399 396
-349 -201
-31 34
335 494
417 -364
82 87
-394 386
450 107
-440 -323
265 -413
-247 392
354 165
-357 -210
198 -354
107 -9
185 -79
-387 167
-98 -273
41 336
-430 -65
-20 -138
447 -384
-39 -45
-401 -131
-343 285
5 -184
-455 -179
38 -310
196 490
-467 249
216 -235
-136 51
-419 -299
413 307
179 134
-95 -398
-413 262
234 -257
17 -64
427 -286
45 320
453 -81
-9 339
-316 3
431 334
-49 -459
-38 202
261 -483
-152 136
251 -257
398 325
-34 -219
-300 -421
-139 -443
-208 -498
-493 -115
-204 420
459 -420
286 -239
-100 -230
87 145
79 291
79 -169
311 -201
-329 -162
-159 478
462 -450
-13 267
488 -334
2 214
355 287
-97 -234
60 399
274 471
-78 7
345 200
-159 -138
-166 -16
-254 -113
-248 -37
145 176
-165 135
-272 340
491 -324
154 102
301 -69
-247 -177
-417 -203
340 242
441 152
19 -178
284 390
133 268
360 222
-107 473
-376 -225
-464 -74
97 10
194 119
-284 -432
210 -152
-393 196
-285 350
18 -175
-180 -251
376 -273
-310 382
-227 -174
11 -500
136 148
279 -265
297 397
483 216
-100 248
-74 118
-2 199
-152 216
-129 273
-433 76
401 323
-333 144
209 309
-283 439
-109 -233
-420 -418
354 -317
264 15
-144 -84
-86 62
155 -232
-181 -230
-70 -246
476 406
454 43
-298 249
20 -238
267 234
-63 -375
-355 408
-257 90
86 122
80 -406
-193 162
-280 117
-99 63
-48 34
-95 -453
359 -192
254 -262
124 -375
112 -148
114 470
452 181
435 -53
-78 211
-312 -163
-470 -153
247 425
-66 -472
23 -58
-196 244
480 -410
-488 353
-306 401
487 115
288 -13
390 -161
251 -457
268 -433
-251 -444
-475 -426
-353 47
-175 143
-494 33
36 433
461 -198
359 446
-355 293
-201 364
63 270
229 331
-238 -358
422 -104
489 166
212 25
-433 -421
-436 -110
259 -384
401 -24
-161 -184
265 236
-13 262
-178 -374
-81 6
-240 27
-79 -226
-14 64
4 -355
-302 -248
442 -478
-236 -389
-14 -312
449 -177
-275 -327
372 435
406 257
213 -37
-423 284
-102 403
254 210
-477 -9
213 -495
244 -421
-125 364
-160 334
446 420
-148 -36
-258 100
-46 -459
37 -263
296 496
8 377
464 444
-2 -405
-263 -24
168 -376
-258 -360
-326 -16
173 27
114 -288
234 76
166 -334
-147 -154
-22 110
153 179
-94 24
-281 -282
-379 -254
-493 248
275 11
-292 -336
-336 -416
-326 398
-471 -414
-77 146
-370 448
-369 144
-247 158
-107 -97
-289 -442
485 146
-396 447
-369 -449
324 243
-108 142
-313 -419
-372 -324
76 434
-57 121
97 -9
328 94
-22 340
151 211
-80 -440
246 136
132 61
-10 -181
429 77
10 -439
141 60
468 -64
75 280
-169 -196
-83 -401
-298 472
-349 432
-29 -384
116 469
441 -315
331 -74
470 -335
74 82
236 75
162 -86
-489 -331
202 166
-12 404
302 244
31 496
338 -186
5 -451
255 -92
116 40
-124 457
287 478
-487 -294
39 -38
8 -371
-306 -235
-314 -346
6 451
41 376
498 59
-47 -462
227 16
-101 -177
205 -282
-236 -421
11 -114
267 -453
-232 470
-285 348
407 154
-185 -282
134 -224
63 154
351 -469
138 282
-121 -315
-292 -79
-206 51
-198 -13
487 84
59 -3
351 490
169 216
-436 44
440 -78
-56 187
-217 -18
156 427
453 -35
-150 -44
78 -211
380 266
-34 -151
166 -126
-116 -327
-367 23
275 -53
282 307
-363 258
-45 89
289 -34
305 -341
-161 -404
-42 -153
-263 -200
255 -104
-148 112
-224 -174
-81 403
-314 -123
164 329
493 342
-427 -396
-68 -318
136 -456
54 461
45 175
58 291
-216 -487
341 364
355 66
302 333
94 243
-486 -180
17 -107
378 340
296 -52
50 -109
-96 -159
107 -456
466 258
-197 288
-411 -290
-13 -382
-407 -5
401 42
2 -133
175 -92
-159 23
36 -486
33 26
-214 359
40 -399
-184 484
-291 225
136 474
137 -407
211 -334
-479 -414
324 -398
-349 389
370 449
166 -301
-494 380
-457 67
453 370
466 -265
-98 221
101 -400
438 442
-13 -52
259 411
-464 -180
422 194
-232 -413
53 -447
213 -420
9 424
-407 -245
144 -137
288 -465
-363 356
-166 -418
-370 263
359 94
-179 -5
434 165
-358 453
292 341
209 -253
353 -394
137 -288
234 212
8 280
-78 -313
-413 -197
435 -172
178 217
-178 394
478 261
429 -137
-52 -219
36 292
342 -447
135 -458
-216 129
-243 327
-96 452
-138 -291
-255 -442
480 -352
-94 225
-216 -366
43 184
408 66
207 200
-21 353
-415 -120
265 -471
40 443
-209 -101
260 147
-170 -152
-10 144
-16 -246
-317 473
174 -476
290 98
-323 -41
-106 95
218 198
-315 -257
-148 -228
-238 389
-439 -19
384 -165
476 -422
184 56
-235 -55
189 -92
-263 277
-162 -135
-325 257
-436 69
-477 307
180 333
294 95
-273 -437
455 464
-448 -341
61 431
-90 387
20 421
371 -399
-16 147
-357 -262
495 -268
265 -401
-185 9
439 498
-495 246
-451 -462
-396 -261
-196 -260
204 -466
-77 299
60 -354
-263 89
265 27
372 86
-231 428
-382 -433
485 177
-314 331
123 155
-251 -381
-113 -288
457 144
-422 99
205 -7
-173 452
187 476
-450 380
-357 -355
130 364
476 70
400 214
-40 206
-296 499
395 204
54 287
-92 -467
-291 -294
-209 -163
-190 -176
-358 -14
133 59
-449 -385
-316 296
218 -136
312 -1
475 137
-453 -321
-58 332
2 186
-111 -77
456 -324
-11 -246
-372 -174
-287 -135
52 -455
-357 489
-295 492
-200 164
-156 -190
479 498
-182 -202
129 -103
-420 145
419 -196
234 -442
399 -321
178 348
-352 -494
-229 -495
117 -35
-250 -123
160 -93
207 -283
150 -174
273 -215
257 -366
-264 -240
469 211
259 219
-399 -348
-431 231
-337 457
-310 6
429 -187
-350 8
404 -104
50 -418
192 -405
-152 304
89 -134
-328 -233
42 304
-302 413
497 274
342 420
118 12
254 493
-81 265
-69 338
-5 410
250 198
-58 212
255 -293
-68 -226
-389 187
-159 35
211 -181
-95 182
113 421
-285 -5
447 -282
-349 430
-151 -376
-392 134
226 248
363 -95
-62 234
370 -282
-402 443
-380 311
96 -168
366 -122
-319 -83
-427 -423
236 281
132 81
-347 -168
304 -145
154 -192
-22 120
369 -216
-330 83
90 414
-470 248
6 -496
152 476
-88 70
127 -270
-429 254
359 -20
-132 15
-276 258
-263 -70
-3 -118
-414 -475
-291 304
311 -182
169 368
395 97
68 194
335 -487
-456 -51
-22 -436
325 -352
63 -460
-305 213
-184 320
-29 -490
-134 396
305 -492
104 -376
-247 254
468 63
7 287
-148 -294
297 -333
-166 78
163 283
-474 -188
-336 15
-497 96
-100 -420
-496 -348
-144 151
440 294
-74 376
444 247
-203 -367
113 53
-89 81
-227 -197
-431 108
-19 255
498 206
333 141
48 -296
-301 298
416 -278
132 -396
-436 -326
-285 -328
138 -468
-41 -325
34 58
285 -67
496 93
14 243
-260 -91
419 -147
158 -147
253 247
421 -389
-151 435
265 -313
213 -402
87 441
-52 -206
-122 -336
472 -283
-144 472
-119 -96
-37 -156
208 482
97 -211
-55 -178
100 465
-79 354
462 -41
83 9
-408 466
-198 356
81 -468
-214 372
-102 -131
423 -453
463 308
-205 -460
-64 -274
-398 40
-495 260
57 -365
-57 -311
46 -178
-179 157
225 -490
-35 -380
267 -35
-222 -181
-194 103
373 115
29 -289
487 22
-219 -61
-377 74
221 -427
492 -212
-54 444
-114 350
75 -120
476 -207
336 -44
289 344
-158 429
46 361
65 313
-415 280
-401 -371
54 -124
-416 -440
-137 266
-142 162
196 386
248 216
-64 137
-169 373
469 -359
200 83
-142 247
440 282
172 -261
-148 -288
163 -75
-327 -134
295 110
34 -199
179 437
-325 433
-376 -493
470 86
380 97
-236 168
-139 -440
-273 88
-23 -207
245 323
80 -186
-265 39
-84 -312
-149 28
39 83
7 53
-178 -297
-17 438
-331 377
-120 -296
-125 -359
342 132
-497 -395
-445 -372
259 -138
433 -480
-176 376
-398 -409
-229 -328
246 436
-178 -14
-275 211
-166 281
21 -492
235 242
390 -240
-380 290
428 329
-139 343
-219 -161
-438 237
380 328
-378 363
157 -161
-496 45
241 -335
-427 -309
-307 -188
-274 -247
-394 -471
155 -432
-200 275
-337 165
-377 384
-138 488
-75 -40
125 -464
-267 -468
154 -234
-473 200
131 343
190 84
147 286
-162 -433
90 233
-14 -123
420 266
261 -12
61 -320
-201 -359
59 -265
-446 -360
429 -98
-354 403
26 -48
194 426
285 -66
-53 316
-136 75
210 61
-401 -33
145 -279
-50 231
-418 -264
-283 157
-204 3
467 -236
-106 398
265 152
469 238
472 -189
452 212
141 250
338 242
-332 -190
439 286
-300 -499
-125 21
-103 -423
-381 2
79 -325
-43 399
30 167
-481 467
273 92
-405 124
491 -90
-210 -409
-116 -141
-8 -162
-32 227
46 -359
153 -255
-369 224
270 95
420 208
372 217
364 244
-380 289
-106 -354
101 203
-384 406
172 -199
279 74
313 90
440 263
-133 -490
-97 167
-202 -323
-90 339
309 -439
-151 -118
-101 -471
-169 -253
38 -80
67 448
478 493
163 -12
370 484
345 -490
4 173
-215 6
-370 59
-230 -457
484 -128
-56 -139
412 199
-111 -39
276 26
447 -324
11 301
-258 256
-93 339
302 -275
-203 -361
298 -78
309 405
330 -190
-321 -278
-241 -142
139 -262
-67 311
-91 449
181 325
-336 -348
268 -482
427 -344
438 95
-260 179
-97 -198
-371 466
-428 -25
-35 379
-115 212
-96 -436
101 -393
1 -485
349 -463
-177 -33
-50 421
-235 183
85 321
407 -110
100 -67
106 286
271 194
-261 -155
181 -259
411 224
3 -415
-369 -83
-73 -144
275 -369
338 -430
-143 -463
178 -402
-469 196
-378 -306
-343 256
305 -324
69 -18
-170 -378
105 -435
-69 471
-171 -69
232 -347
-89 -175
-201 -310
261 74
-201 208
177 91
256 -96
-137 -483
264 63
-446 228
-30 463
116 -35
-225 324
-18 -103
-486 489
488 275
-249 -428
-93 254
239 264
-387 130
-451 -446
-315 137
-155 342
159 357
-50 122
-238 -179
285 3
-280 -120
84 495
-426 169
147 259
-282 459
-26 318
-383 38
-410 333
176 -86
-443 -120
-236 -372
-452 253
-180 -481
351 140
-232 -387
-308 -173
348 342
-401 -405
375 144
130 498
108 440
427 498
-128 408
118 297
333 -143
485 387
239 51
-139 342
390 -365
-77 332
-421 -461
-121 -330
286 -320
-168 -186
463 -367
-305 -442
-349 131
-432 -297
-143 469
399 -307
-490 -120
391 257
286 302
-175 447
76 -104
355 130
324 408
311 -204
327 478
453 -438
-121 -151
-77 -74
147 236
12 207
108 268
-217 119
-135 231
99 356
-31 383
-209 -63
432 -250
494 -51
-285 204
226 -396
231 343
-168 -307
-58 115
-330 -76
292 178
-160 -199
-183 -274
-296 473
-472 -355
-249 -469
-296 3
423 -451
-96 -330
-420 -113
-112 -218
-285 96
29 140
264 -487
-66 229
406 -65
-411 -58
291 421
-472 402
138 -447
-335 -350
29 -155
26 213
394 -383
-19 152
-379 255
-205 -57
407 -201
-277 292
206 77
-355 -441
77 479
-489 72
-235 -477
369 33
-165 -311
-356 31
-300 276
-176 -230
223 -457
-114 179
-54 117
275 -178
-288 -390
-417 248
-423 352
60 419
242 -395
-197 63
358 -293
123 459
397 -425
-429 -404
-235 87
-358 5
-258 -443
349 -400
418 449
57 268
-347 23
82 176
-79 292
-485 -242
469 -273
-361 -29
399 -139
-73 231
-32 -259
-412 -56
-81 -82
376 -276
-440 -275
64 -322
-242 443
-315 232
-274 367
-268 -197
15 -168
466 170
-57 94
235 -354
-465 17
-427 237
234 -222
-191 -300
-286 -303
-494 -161
364 246
1 -226
381 276
359 75
-188 498
476 417
-438 -180
-48 -345
87 18
313 -347
-49 -40
133 311
429 414
-456 -257
470 264
167 -329
386 -152
326 -496
167 338
399 -435
-202 -287
68 259
-110 -376
-329 85
174 -52
23 -110
-314 -80
-362 154
-368 -96
-318 -22
364 443
80 180
-365 -141
479 -261
388 -298
476 109
117 -470
458 129
95 -244
-99 275
250 -142
-441 -259
12 346
-62 113
-68 -126
-226 333
-197 -262
390 -267
-34 207
406 143
245 425
384 -245
-185 -90
103 -150
362 248
347 145
445 93
-153 150
-175 367
-1 474
496 -221
414 -473
-412 173
286 107
11 -348
250 405
-367 241
265 496
182 -194
-37 39
-126 45
-7 -440
431 -402
320 12
22 -371
-322 -371
268 -93
160 -464
-18 -84
387 -51
482 18
194 469
144 408
-80 -340
354 -159
198 263
439 -391
-218 256
422 -156
-159 87
122 -306
415 379
-192 147
-155 129
-359 -112
124 84
-364 265
-377 70
-237 324
-268 -250
473 398
-225 -45
98 -451
-292 -160
-52 206
-148 -144
-427 336
73 -68
-83 -319
-267 -206
-315 223
352 208
272 -119
193 201
-63 143
207 447
301 -1
96 267
50 226
417 -135
-152 358
223 -177
55 317
-202 -97
474 -170
-336 114
-373 -30
-24 192
270 -278
-473 -354
-494 232
-265 -233
-163 -5
-169 142
-344 214
142 -246
275 -429
331 283
-127 -156
-308 -220
-328 210
141 162
-22 -302
-140 -220
-249 -291
-477 212
-225 -362
61 437
466 34
389 -220
-30 -229
-229 108
-76 -51
-176 -211
27 341
-324 461
245 -194
-290 34
338 -346
380 -106
-14 -104
43 195
206 395
281 289
275 -100
-318 407
-22 135
-456 -370
267 428
-450 -84
-21 -321
-210 247
243 432
-351 80
308 301
104 323
488 -363
456 452
-38 214
147 332
-496 440
-411 -196
-409 -4
284 -31
-375 -456
-372 -199
-181 -52
-38 -147
26 202
207 215
-121 321
-49 38
311 346
-134 -369
128 327
-237 446
-135 337
264 246
418 25
241 -355
-140 129
148 299
-134 451
-65 93
-40 -406
-96 -395
-29 -159
426 108
129 -423
113 331
186 -122
-184 454
455 332
-175 26
226 -194
245 -415
383 -81
236 -173
-167 -292
-353 -41
-201 -310
-5 -325
-264 204
457 320
-379 -56
309 249
-153 -5
-116 -483
-391 74
129 467
-289 210
481 358
-89 178
-315 57
358 456
-384 -380
-233 -368
-62 176
183 -28
20 -208
12 -103
-235 -200
216 486
197 -30
-256 -261
-464 447
266 255
-444 -61
-290 -230
-137 452
-452 341
179 348
-298 166
-5 -187
-449 -80
283 -180
141 -285
66 -39
-373 144
-197 94
-414 103
-323 334
210 -60
-104 177
123 -72
-431 -35
-336 300
-368 -410
222 331
-369 -151
9 40
461 -123
320 -490
-468 -36
-494 -257
-360 -495
410 7
386 -246
255 -287
43 -369
270 410
-123 107
-100 413
318 435
254 71
-186 341
348 236
195 -229
478 -471
451 -168
-187 -28
-237 226
29 193
-3 -112
345 -226
431 430
-416 345
-175 -353
-393 -255
238 -390
271 90
16 -168
360 -299
-290 21
86 -450
151 77
-405 -496
-421 457
109 166
351 -54
-415 236
-158 414
-192 230
-274 144
369 110
-23 484
-176 -236
-324 -341
461 1
-421 252
160 180
159 -227
-100 -7
-383 272
-447 -433
256 392
238 193
-52 294
-2 87
-372 -353
395 -298
5 369
9 461
-261 414
300 -239
-195 495
260 -68
276 245
400 -223
293 148
-119 99
24 -286
32 190
-225 -346
-245 310
-454 -4
356 -233
-85 -320
-302 453
-114 248
-84 -19
-29 191
27 76
270 -152
-1 406
375 -256
389 -471
238 423
-144 -477
-303 -209
222 354
2 -178
-148 -69
-350 9
-388 76
299 -198
45 414
244 -44
-124 253
-355 187
226 -350
-250 50
150 -469
-84 55
293 -367
-252 105
-145 42
18 245
-356 -432
44 53
246 499
-334 -261
352 26
217 -27
72 -297
-55 201
-159 492
-340 -230
-380 -464
-120 -61
-449 478
-226 404
191 32
123 -53
187 40
279 220
408 488
-123 284
-108 467
-166 -94
-347 -38
-86 -224
226 363
-1 -287
-275 344
155 -341
-393 468
48 366
-460 275
277 93
-135 -382
-340 21
219 -124
90 148
489 135
-377 -475
437 471
-201 -104
-465 -87
480 -370
475 123
-500 54
292 -78
425 386
-471 91
16 414
-10 -442
-389 145
342 -136
202 68
288 112
-232 3
-144 -340
-183 498
239 5
470 -157
-275 -431
-51 -475
-98 -321
115 190
323 -368
-461 -108
35 332
-92 384
-247 178
381 -428
-32 -307
-196 -305
116 -365
224 78
-189 -49
-309 -83
340 -254
-500 -41
-338 -203
-20 450
404 -350
88 -1
-297 -140
214 473
-259 452
459 211
297 157
388 286
203 -206
244 -309
-350 -185
-18 -242
-273 318
427 -45
475 469
-56 99
-39 -363
304 -445
46 -454
20 369
380 -388
26 44
-302 -472
179 -51
-397 68
346 -452
-195 302
-322 142
245 200
-466 -371
433 -314
-379 209
213 131
95 150
474 -191
-190 -451
-44 -89
384 -400
259 120
-356 -40
429 -302
-390 -471
-351 -36
397 385
87 -437
-429 -75
-162 -449
-389 380
-346 -446
-317 -328
-288 257
499 202
75 237
142 -179
232 180
-407 -306
400 28
308 474
-12 168
274 33
-228 -234
204 -455
76 407
-390 342
365 321
-60 -463
-456 498
150 327
393 438
179 259
-7 307
347 -154
-221 299
-408 30
-20 465
77 -259
-243 256
208 356
442 -352
-438 -401
24 -110
228 -446
-333 -202
468 236
469 98
400 91
-402 -242
-134 -271
-336 415
-435 -298
-70 297
215 -291
400 -480
-152 147
289 -144
210 197
-391 -317
-72 458
295 3
332 -446
-71 73
268 -276
-449 142
285 -106
446 319
-109 224
-337 -314
-264 218
359 479
483 -360
-425 432
-222 498
230 -139
-245 449
94 82
-273 143
-308 419
200 -41
108 184
-155 277
-347 157
260 -274
-319 313
-369 -445
352 -139
426 250
-219 -336
-405 -290
65 -376
-397 120
-362 -109
-420 254
-418 463
-60 290
-26 -33
-271 54
-123 111
-387 264
-62 442
229 88
469 -406
-452 321
-397 191
397 -489
352 -165
232 -242
-207 -362
-76 -92
-48 -498
255 -88
299 458
-6 482
-226 334
-311 124
136 225
33 498
396 109
-486 358
418 -457
-441 -33
-299 -64
-413 -421
333 -349
-497 -93
-480 104
170 174
220 -24
104 360
137 482
246 220
-339 165
-44 -224
-113 343
-293 -440
-416 -402
-366 382
-449 29
476 -272
252 377
-372 -334
71 -427
-268 358
-214 -38
162 -431
52 411
-468 159
111 -112
-451 -310
-475 433
-160 287
-89 357
-187 -326
-363 27
-110 44
-475 -382
324 -159
-475 180
246 -329
-437 -24
-88 -237
440 248
124 246
304 136
-227 321
-274 321
113 364
-347 -60
393 -227
369 274
-314 -473
39 60
-282 -63
-437 471
343 17
-199 -302
276 -88
358 163
85 -56
271 310
-308 -173
-494 151
-483 -226
-180 -413
381 -314
378 -78
-329 -126
204 -256
-117 233
-233 -44
376 229
-37 -304
43 296
388 218
273 -355
-276 90
-151 147
481 -195
-467 -339
98 -343
-110 -34
-264 323
214 171
339 -403
-238 89
251 -116
489 297
-272 -415
184 -495
-284 54
29 206
127 347
356 294
-437 433
-264 402
393 96
440 -292
275 -436
171 -259
-484 -99
172 410
261 -457
-151 -88
226 174
-464 -91
-340 -258
259 105
392 -461
271 294
-200 388
-113 -4
-176 270
494 -144
-37 6
-275 293
-281 286
-359 -357
111 420
-352 -81
-200 -377
118 -276
302 396
123 57
-353 8
-480 -214
63 -158
139 -41
364 85
-406 65
-23 -452
237 220
273 -200
316 -56
-491 104
-368 10
-92 48
172 89
94 341
163 -68
451 -25
418 411
-185 -56
-8 -418
217 188
-45 211
309 337
-92 -100
270 -78
-266 -497
-232 454
-478 -368
429 390
-209 -164
-346 -417
225 -425
-316 -155
-81 273
-257 -439
105 461
487 188
-486 98
-431 -188
-430 -307
-267 454
280 -402
-34 -35
-10 -342
-63 81
-268 -343
394 -380
-30 -183
-125 281
-440 195
445 -378
-39 -188
20 108
-73 22
63 -284
416 448
310 252
114 -132
-465 -77
363 -8
-463 465
-148 263
370 -62
-178 112
79 308
-74 -81
259 7
-499 -237
-286 -155
91 -120
365 -414
-435 229
464 278
244 -143
-54 -128
-335 -174
222 -475
158 430
144 -182
366 133
241 126
143 183
23 -77
295 498
119 239
285 -138
252 213
66 317
316 434
-81 101
-359 149
312 496
101 422
130 302
242 99
113 -463
121 -426
-347 393
-454 -397
-90 -423
139 233
-203 -238
-460 414
-339 438
338 -272
-230 272
330 -118
-47 90
105 187
-368 -145
234 -427
-497 -110
367 -403
208 487
-93 -466
-462 80
-200 -53
-308 -261
477 29
24 306
-414 113
-330 -126
462 -82
-373 377
-415 493
-231 129
350 362
-327 -486
-485 -382
334 -233
156 229
-164 244
374 185
248 118
-79 218
80 -460
413 338
243 -315
-334 70
-125 12
188 -276
-468 399
-392 -82
176 -315
398 409
-397 -157
-8 -149
311 -263
218 428
347 -280
-253 -460
135 263
91 -498
-452 -81
-443 179
17 -325
-9 226
-231 388
175 -2
-141 -116
104 -184
-38 257
-154 95
-25 -107
-18 -274
-309 43
-118 -323
297 -60
-212 -262
323 356
-184 313
220 286
-202 81
142 295
256 66
229 241
313 -212
412 190
-89 9
-138 217
419 -378
232 -185
-201 13
373 -125
-217 399
-135 -381
-382 224
-349 373
146 -357
324 -98
299 201
-299 4
9 332
-415 170
-203 424
-402 -436
-151 276
-174 -196
-79 -371
-149 492
229 -84
143 141
236 361
-147 120
443 -192
52 426
-457 -285
139 5
-185 -464
177 -307
365 404
486 -88
303 320
321 -254
-231 228
-29 -433
221 265
419 18
430 -133
-108 294
272 14
124 -413
-52 -224
-145 -36
-4 496
20 294
274 406
-419 123
149 -229
5 112
-186 -254
-115 -468
-40 -33
23 -78
-249 46
47 88
-374 -217
-58 145
36 -447
145 256
223 157
-222 478
-262 -419
-147 -122
468 -348
-74 111
-143 47
497 -366
-178 -147
417 189
-225 -101
-491 -26
-399 -53
-495 292
116 -163
-247 306
41 6
-357 -283
157 -223
21 281
444 68
-268 455
-46 388
391 -222
-178 67
363 -270
-432 -183
-8 384
236 112
-356 491
-241 117
103 426
-295 76
-57 -477
-204 467
485 20
436 -335
439 128
416 488
-97 220
-384 298
452 354
-249 -344
119 -202
443 200
25 175
19 343
-93 352
-192 245
-162 -160
406 353
-371 -97
-91 -363
127 -454
348 -4
281 336
37 -456
180 445
-25 200
266 351
311 442
375 -184
280 94
254 -132
118 -132
89 419
229 69
285 393
39 488
-291 396
109 -282
-474 -147
-211 120
267 -413
142 162
-47 -468
-200 383
-442 318
183 175
-250 -123
274 -90
214 -18
-402 -361
-499 235
105 33
159 -129
-380 392
-452 157
216 111
-360 -132
180 181
-243 182
-491 342
-34 393
-376 -212
-316 -291
-372 -347
175 447
-196 -450
-227 -99
-205 400
359 -101
56 -14
-220 446
-396 -313
453 111
42 290
396 -206
215 -281
127 184
-478 60
329 -494
101 384
458 -457
460 218
-419 375
438 261
-285 376
82 -446
335 -423
-420 -441
-470 -122
-296 287
-425 219
-435 -6
-367 340
126 351
-365 301
-443 239
-383 -35
-327 451
-146 -399
306 65
469 470
-78 -310
-229 -474
478 -480
221 231
-299 294
446 120
152 120
140 -451
-133 -122
-460 477
267 130
106 -389
337 290
-266 -198
238 -126
-5 84
-177 306
402 84
-262 368
15 -261
289 -33
378 120
-328 432
-328 -69
-494 88
195 308
376 50
-89 183
372 -66
-186 395
-445 -5
-33 -140
57 80
-317 237
-22 -15
-72 -63
-482 48
-47 -108
228 -189
85 -354
-406 -411
199 416
-332 -233
-385 -414
-45 -25
-329 380
-320 345
-112 172
153 86
125 15
-85 331
-120 -133
458 283
205 -4
332 375
68 285
404 -83
370 -454
-130 359
170 228
54 6
-441 109
446 86
398 133
-337 323
-150 107
216 373
-448 -465
205 -192
-84 -120
137 398
139 250
-464 73
-29 330
-186 -12
-176 -211
-108 242
-280 -410
-444 -239
-103 -106
-69 488
33 321
-50 159
-474 -241
-352 -315
-216 40
435 -144
-348 -93
-459 -88
250 216
-491 357
-343 -387
486 363
-159 -354
427 387
-79 41
-445 436
226 49
-472 281
-84 16
-70 444
-280 -301
193 -125
-443 -407
-165 291
135 76
-397 179
-115 -381
-125 -326
-407 -473
-189 -173
-162 196
-70 -281
-267 338
68 412
-264 61
452 237
387 -406
20 -175
-360 -316
-212 225
306 -403
-385 -452
252 -72
-412 246
330 295
403 25
-384 184
-298 49
-390 -410
-438 -1
-236 -83
406 446
363 117
396 386
-21 -13
-443 -110
123 -107
10 -429
-362 164
480 7
387 -329
236 165
-249 101
-457 -165
289 -445
-357 -198
-321 -425
-225 -383
207 316
-24 -452
328 352
97 158
162 -342
355 -107
451 -313
-104 349
-452 -274
-179 280
-125 11
-81 180
-46 -358
351 -107
-312 -3
32 221
-305 55
288 385
198 361
-386 -170
215 -60
163 476
3 -175
204 -175
-187 -346
-225 -55
453 18
-221 -187
-458 307
133 -343
137 413
208 -109
51 317
-427 -256
-299 -433
108 -367
291 -323
-414 -105
-97 -287
-437 -86
-370 -3
353 48
-221 -111
405 460
363 -35
310 485
-335 -440
56 490
483 -24
-129 -214
317 26
68 -8
-156 -76
111 430
-179 -79
390 329
199 189
220 22
214 -31
-203 244
250 314
145 154
-488 373
-344 -494
111 -210
-299 214
-410 65
-458 -47
-453 -144
-294 -22
335 287
356 405
400 12
447 -390
487 -198
-253 442
252 472
239 -89
286 62
343 -109
-425 -432
456 44
128 446
65 334
-479 2
213 -22
-221 -381
230 406
-207 138
-252 100
388 -100
-162 -200
327 144
-96 -380
355 -431
-291 -242
196 -459
167 372
-325 -265
-498 -193
404 10
341 182
-373 -1
195 60
459 -175
472 -139
-457 -185
142 221
-43 -310
-213 153
-241 343
372 -318
-260 63
-493 303
39 -67
-332 -262
214 -352
213 -113
181 474
68 488
156 -17
-83 36
-57 66
292 73
-468 285
248 -1
66 -200
273 -137
-272 300
92 -212
324 80
476 193
-282 -197
-110 -300
-189 363
-384 41
-138 110
-53 81
-356 -321
176 116
430 -469
-248 -115
213 -372
311 -266
-407 -155
-127 -444
-462 416
-443 -69
-333 485
-225 5
484 419
401 -305
-233 -180
-95 -467
-467 412
-295 271
242 74
171 -380
430 -286
-61 118
-483 -358
-254 -354
218 220
336 337
-273 -180
442 34
232 202
4 -109
-255 386
472 167
332 -6
48 226
240 -245
-216 90
86 220
-360 -465
366 451
248 -358
34 -259
261 26
313 -479
-125 -204
223 8
-197 -4
-46 -105
272 -89
360 192
-68 -13
216 230
-488 193
-386 -192
380 -30
-13 -8
-213 -24
-45 196
-197 6
289 -276
-69 -389
-79 -435
-338 -230
164 93
32 165
-231 -24
342 -436
337 43
-317 -95
-492 111
223 494
443 264
-286 89
318 71
459 -482
-33 380
410 -123
-378 -360
236 -26
430 74
192 410
-457 -416
-483 -108
-171 89
263 -488
-366 497
418 -285
480 -308
486 -500
-14 -410
-20 -344
-125 99
447 236
-10 -494
-26 223
487 -481
-239 437
266 225
490 68
60 153
-137 80
-314 -395
309 98
-175 284
-265 -495
494 483
447 -249
-475 71
-109 -289
-15 403
-188 -403
289 300
459 351
-182 379
317 114
-388 372
265 289
-342 45
495 -199
-114 -64
-500 248
140 444
123 288
341 -391
-74 -434
-65 307
245 -128
3 105
-355 31
-16 -274
77 217
-178 126
289 213
-73 297
451 359
-336 -75
-118 355
442 137
453 267
-319 -322
-86 -302
489 -15
245 -26
-216 437
74 218
-125 -442
-294 -355
-259 82
239 100
-102 61
-452 67
331 -361
-134 -123
-432 357
-73 70
-314 -358
405 -441
-143 31
-385 370
284 -159
1 -458
70 179
-272 341
351 -253
296 148
-333 -423
45 -365
446 -171
-461 -275
-175 272
394 218
-180 -49
-260 -157
-387 -429
393 -194
191 -476
278 -341
-417 -185
105 166
299 -395
8 -73
68 406
-110 -490
-363 -226
-235 394
-428 167
-278 -317
-335 119
-105 -226
348 92
-389 -14
196 381
479 193
53 434
-37 -143
106 359
-169 492
52 349
35 -115
-319 105
304 -437
-40 169
417 -158
-92 204
124 -224
143 474
446 -338
-375 84
-218 344
-319 -371
-48 -497
163 185
-483 172
-405 -332
-48 -393
457 -465
-484 -118
470 -130
-35 -273
182 -195
285 -455
-131 -171
128 242
215 82
-39 -488
-309 -81
-138 77
39 -125
490 31
-302 21
-206 -354
-210 318
-174 -499
69 255
-232 258
222 371
-240 -487
191 430
498 253
-123 -330
-142 -168
330 -480
239 142
174 -2
-66 -131
385 -472
-73 -448
-88 256
488 77
-250 -229
-256 402
-59 357
303 -385
-275 -60
-315 -424
-372 -312
376 -286
102 113
-390 376
183 433
-367 -10
471 467
-296 302
158 461
-409 233
64 26
495 89
-110 299
-199 -476
-50 487
495 211
-109 -480
323 -236
-463 1
-354 -115
323 372
-492 -334
29 48
390 -312
40 124
359 -133
284 -443
68 293
262 -186
366 112
298 -336
-46 278
499 -137
34 399
-48 184
-459 -181
-279 -448
5 -328
387 175
-378 479
-323 -223
-159 10
-173 263
111 -343
-243 318
-173 -469
-82 -468
17 459
-276 447
-301 -306
-410 398
-13 450
20 -59
57 432
-322 -3
440 499
168 -37
-476 -207
-236 24
295 82
-168 -31
12 -106
-71 455
251 116
-112 97
-217 -407
380 -159
-220 -315
369 429
69 308
-449 63
-243 67
422 103
252 50
-80 351
180 185
55 -233
357 -106
-230 90
-2 -242
-14 352
276 -191
-199 -362
16 -221
-267 483
460 184
481 325
150 -208
-426 -485
401 148
312 -148
-8 488
219 224
444 129
-488 325
320 312
-342 -123
3 223
102 -155
-443 492
-134 -351
486 484
317 -106
475 154
-160 -487
-454 16
-117 191
-463 452
195 452
434 151
-453 495
170 115
-376 238
290 43
-78 -106
-308 -313
-9 70
138 191
370 -436
244 -192
-324 80
-463 -163
-494 408
48 -352
-368 395
151 305
-429 -382
-381 -394
-315 -468
-263 428
365 -495
293 172
-51 489
145 -454
112 342
-375 -182
155 495
420 -180
212 63
-427 354
24 -170
459 495
-167 461
-371 -62
-120 -9
-86 -366
-305 -458
120 -139
355 -284
-261 44
-56 -12
-399 353
-107 -360
284 196
265 396
48 418
-123 363
-43 344
-116 472
-26 -402
-134 144
123 -361
-431 -378
-483 375
369 -74
-112 -258
192 174
-490 -475
-488 458
417 -10
-215 400
-472 -367
-225 435
-250 36
365 83
88 -213
-159 349
174 -255
410 -425
251 445
359 296
184 -117
-444 110
-451 254
261 147
-286 -107
209 422
199 -155
-377 -90
13 379
407 289
40 15
104 -391
208 -270
-317 -93
-331 262
319 170
-63 430
7 -254
354 134
425 -231
207 332
481 27
187 -474
493 245
-264 -42
74 -55
-161 444
431 476
381 42
-96 189
127 22
246 -312
-103 483
-155 -351
435 481
158 -220
30 310
-450 220
-154 341
55 67
-304 62
93 -150
-467 -274
-276 -207
-433 481
-280 -311
468 149
-356 296
145 81
-161 -131
-231 397
268 252
-234 196
-30 -460
-473 47
308 -273
171 -420
-240 146
-116 -457
205 -385
167 415
289 -113
-484 365
313 -53
-375 192
-258 -124
-332 -395
396 -79
328 53
275 -126
-473 22
155 475
465 -137
284 331
-172 -418
-68 429
301 -163
221 78
270 397
-274 25
232 249
-480 495
-149 62
-220 331
347 -127
-317 229
-219 418
-434 365
-397 119
-377 -445
-364 -156
-208 -4
-352 -262
339 447
-398 -411
345 -47
191 -157
-409 134
-18 -190
-43 457
16 -424
-375 -34
98 -71
-428 -42
-63 -211
-349 -213
293 176
273 -420
377 -34
218 299
-206 -474
-461 -108
213 -42
-183 -375
-170 200
-168 317
247 243
-483 -435
-306 101
-427 246
74 8
-9 418
-113 202
-305 413
447 -166
348 -177
-4 407
-259 -261
35 347
48 384
-197 -104
-93 -107
47 -350
455 162
-40 253
-199 260
415 -464
-286 -110
-87 323
442 230
-157 348
200 -202
-464 -328
445 -108
185 -151
-421 -54
252 107
216 -94
377 499
-481 -59
161 482
-448 -230
-153 -402
342 65
43 -447
498 273
341 -89
-306 119
383 378
285 -49
446 -232
-311 200
402 -184
-307 348
292 -40
5 -491
-32 498
-278 -490
51 345
-390 -72
-178 -81
215 -252
436 152
-34 -431
-88 -412
420 326
163 -360
340 -78
117 -377
-196 178
-199 56
121 -405
-306 24
39 489
-270 -375
6 -489
434 -246
473 368
-48 -439
136 53
141 446
145 -377
399 322
-293 8
-332 369
-85 93
471 43
-405 -25
290 89
63 451
381 -90
393 -194
238 476
-480 -420
202 -375
237 59
491 -359
54 188
-221 206
182 474
-265 -260
388 62
-337 106
-165 385
-347 -425
-277 339
220 -95
-307 -147
235 276
205 106
290 224
51 195
260 -60
338 -133
414 306
373 -81
-361 -29
254 251
456 -412
233 -391
-218 -167
241 -325
-210 241
201 -421
296 -110
-330 96
111 167
43 492
-80 -113
-443 -219
-487 336
-128 -167
340 -165
-391 -131
28 -238
-138 86
318 -401
442 -359
-108 -57
-498 -199
238 -329
196 -488
282 -275
198 -200
-186 -430
-201 481
467 167
415 358
205 190
77 323
-264 130
8 -158
-155 386
-249 -306
349 498
322 -313
-19 210
-408 -488
-22 -438
-358 317
463 158
288 329
-3 367
258 -81
243 -333
-46 63
-194 286
-288 -445
-182 249
-114 26
474 -446
374 -11
-380 179
-200 -471
168 39
-280 -332
-205 130
312 115
-153 201
106 -101
-363 211
-168 199
414 -410
-73 -278
334 -212
-63 101
-94 223
122 -117
-340 -437
-170 426
-228 443
297 293
73 -257
223 -96
248 92
109 -268
-324 76
367 188
295 -208
-180 30
-104 452
-409 -418
-458 242
-57 -104
-292 -111
-247 413
-427 222
148 287
41 332
-491 264
225 -375
404 -496
-176 65
-185 382
210 38
310 217
417 -304
-401 407
302 -190
427 373
317 229
-456 -176
76 57
264 332
-219 -223
-46 -269
361 -154
40 424
-48 55
-431 -60
-57 472
-1 -95
449 -176
-221 478
-407 -177
384 -150
-90 -264
-59 -428
40 251
87 -6
-222 -498
-57 344
-39 -35
351 -484
-196 472
-221 -8
-235 -372
166 -160
183 -84
82 -28
151 -198
-396 -321
88 104
47 -463
322 -428
-424 194
466 12
-310 -119
352 -346
51 228
301 -485
-266 168
-492 -260
379 -348
219 365
-244 265
201 266
-439 -132
-446 344
-434 335
-39 181
67 -492
381 -414
-220 -380
191 207
138 -408
467 464
-213 301
29 431
-419 325
-434 106
417 -228
-9 359
-59 240
189 237
34 -451
326 237
184 -440
467 -184
-442 -190
-146 -382
-242 295
37 144
120 31
440 -210
6 429
104 156
-23 -121
328 -310
418 45
281 -351
283 -427
-424 -12
231 165
307 143
38 -261
-492 110
-194 -158
-148 458
287 430
-124 -168
-203 186
-112 306
-52 -64
-259 257
343 345
-243 -13
-487 461
-408 450
192 189
-339 246
-2 126
114 -468
394 393
392 -146
135 -390
266 -499
83 -290
-385 428
-22 104
86 295
52 93
186 -260
292 78
46 496
-197 -314
162 -115
-115 -35
351 -341
314 460
80 -443
111 -118
-207 -331
-330 159
-148 -62
-293 207
-62 -343
329 -104
-225 170
-51 488
401 229
16 -239
-150 133
139 -250
228 -269
342 -325
444 -130
33 -401
-334 369
351 349
112 -203
216 -124
433 174
-356 -91
-145 -286
26 -390
-86 463
406 404
373 103
-286 8
148 -298
21 189
-359 476
-455 -115
328 -98
-246 -221
276 -425
177 -36
334 -197
-49 -389
-85 116
-2 -280
-27 -239
268 449
-235 419
289 -20
7 -398
372 -341
-202 456
312 -63
-30 -220
-107 -124
-41 -7
-252 -53
73 -352
179 -454
-452 52
442 196
296 204
45 176
-451 -138
483 -313
27 -70
-282 69
46 213
-76 -130
-120 -113
-59 -165
-257 279
126 357
216 53
414 17
-500 -288
439 365
-301 -159
-377 490
-490 -32
-33 466
-303 -210
404 348
168 427
444 -243
337 -120
427 265
67 -465
-113 123
-434 -350
-440 -495
291 -342
-499 44
388 401
-293 167
-257 177
-313 445
-408 270
-107 -241
-43 -462
137 390
13 96
-1 -122
147 467
111 268
312 -17
107 -406
-177 -488
411 73
37 -406
121 390
-343 -7
321 471
56 139
3 -489
52 -414
308 -344
45 318
-39 -439
48 378
-387 305
112 45
-267 -421
-62 268
227 -453
478 -418
344 -17
-334 -15
-178 -279
57 -85
-28 148
405 -253
458 164
496 -151
-104 75
145 -365
179 2
-451 346
-64 93
396 213
-333 -110
5 -260
-94 179
-195 87
109 90
492 31
89 -307
-256 -275
-402 314
-410 -93
350 124
54 208
95 -314
-401 -456
98 -289
195 2
28 479
-460 124
293 -150
-121 300
72 -197
-48 440
298 -494
342 -175
239 -471
248 -77
-319 -485
8 -336
-78 -58
-65 45
-44 -118
-351 357
38 18
2 77
274 43
242 225
-131 339
-275 469
-105 -108
318 -283
-372 25
85 -456
370 232
14 -133
-349 377
-308 475
365 -306
381 -403
-303 467
168 -447
273 143
-443 -476
-67 -333
260 -499
64 491
-432 -397
-482 -493
109 404
-215 -100
160 -183
316 -377
166 136
303 178
96 106
-492 -192
45 -209
-398 245
-432 -2
360 315
164 66
340 -346
301 -415
-139 471
256 46
-123 15
310 42
-85 106
278 318
-368 238
-263 404
409 284
33 479
388 318
-204 -24
286 -398
-259 443
-388 -394
268 297
-351 436
463 -234
256 16
409 206
490 -32
482 -244
-431 -117
-136 -461
-90 -307
-236 -247
416 -30
-160 153
119 -432
-241 -177
-344 -21
-467 -31
-391 179
-15 -460
-120 216
176 269
-257 -319
325 402
-86 -399
-419 -72
188 323
495 197
-409 216
-460 288
-302 47
379 152
368 276
241 203
-329 35
-385 -135
62 -434
412 327
187 -26
-188 424
123 -17
-231 49
459 256
-55 -389
399 481
-112 -257
369 -340
-312 -411
-4 177
-225 -106
33 -403
-389 234
-37 -309
-227 -235
-401 -351
438 -460
494 -381
-481 442
-407 -5
316 -16
-172 117
245 -486
58 471
-258 -325
3 -97
306 168
-55 252
-61 483
407 439
-403 -1
331 -301
44 -444
77 171
-286 291
464 219
238 308
-270 -229
50 -283
143 439
-101 127
-286 401
-1 -252
254 411
153 -53
-463 -144
-144 71
202 -245
-478 -12
477 -294
-85 -36
485 124
-406 -479
-238 -296
14 300
-157 464
100 -274
-323 358
-331 180
-116 -90
78 -48
-62 -316
-25 206
38 -465
-96 4
150 119
-304 -146
368 371
281 -175
213 86
361 86
-121 114
-166 433
-331 -363
76 -86
60 180
216 -357
65 -251
208 -172
452 457
134 -108
-41 -454
235 161
-224 322
-55 306
474 396
379 170
459 -346
-197 95
105 487
276 -172
-42 277
289 52
246 187
109 -367
-217 97
141 -476
105 -260
307 -251
-67 264
-388 -60
114 123
188 81
-418 -261
160 -318
274 -373
229 -389
81 -46
463 -437
-477 372
133 -180
-307 494
67 195
499 228
-17 57
88 413
-408 289
341 369
-492 155
-191 489
274 -256
408 -375
191 -385
-346 -110
-108 216
38 -166
263 -210
334 312
41 -214
157 -150
-63 -42
-255 -319
-353 -433
234 248
123 160
419 185
495 490
-158 -407
250 -232
229 -307
-57 98
343 -427
-147 -16
-117 447
336 297
273 223
-24 -404
199 373
216 -424
-182 -48
418 -97
253 -198
89 248
-144 188
-137 429
-155 -332
-336 -278
-369 435
318 40
76 -44
-490 -152
-323 -190
436 83
235 257
-277 2
220 215
-393 394
-362 -292
70 162
-397 145
-220 232
-202 277
318 -280
-498 -418
-94 -130
136 54
-499 -89
-159 -149
253 35
-268 259
40 -114
-487 87
275 -321
-305 -496
-328 32
-125 -256
-110 -225
481 -85
155 -460
195 413
1 124
312 421
300 -155
-354 -102
195 340
-245 -227
23 387
104 160
-465 7
336 181
38 -455
-129 -190
-158 163
238 435
-130 53
126 481
-253 416
411 -103
42 132
380 -416
-370 317
463 46
-24 -213
-118 104
-134 130
-40 -341
63 206
200 -290
-46 -229
204 319
375 -283
-183 -192
192 404
194 19
-151 -398
202 -452
-474 -441
-495 95
-349 252
71 369
347 71
-473 91
-139 175
110 428
76 409
308 -490
-202 -126
497 269
-320 174
284 -285
288 208
448 -489
147 -302
-447 -442
16 -233
70 -285
356 288
486 484
-9 -36
256 421
423 -77
-267 -351
-52 453
201 -491
-77 -146
258 375
-89 21
328 -497
357 262
302 -226
23 -492
151 444
-364 43
-155 78
-307 437
-66 -8
-493 131
-312 -234
-385 270
-25 26
162 310
252 321
-282 235
224 334
-380 -414
473 236
72 -69
-236 -290
-238 -199
332 273
-41 113
313 -475
-25 119
173 359
-192 29
-333 91
-461 373
-343 -200
157 160
392 -340
465 -488
345 -326
243 -84
-6 -96
144 -238
-231 398
-3 330
273 -356
-227 175
-325 -452
-249 17
70 -480
263 146
-110 221
-108 462
265 -88
-446 310
151 439
369 462
340 35
21 165
-65 -292
-305 -386
261 -410
444 -139
10 219
349 -357
384 442
71 -66
158 -314
339 -77
146 66
313 -475
218 -421
-272 386
168 -114
465 452
-68 -76
157 -226
206 -390
132 471
-284 350
488 -28
-320 64
137 81
-74 229
58 -17
-20 178
68 -259
-405 -161
-182 -304
254 -447
148 -203
353 -380
472 41
139 -199
-187 39
118 -83
274 113
439 370
399 130
-319 -422
362 132
423 -151
-323 438
122 -419
216 -449
-92 -426
417 349
143 174
1 -267
266 -240
99 -429
-482 257
373 -452
-343 392
-333 -296
84 -223
-488 -302
-11 131
-329 430
28 179
-110 115
-328 312
-272 -208
-310 248
-412 68
-43 379
156 216
-245 207
-129 -464
300 251
242 -237
-133 -487
-75 -258
57 485
-303 407
86 -13
-451 -55
340 296
-118 116
-305 -337
395 399
-398 143
217 -312
316 339
-386 -430
-85 -54
377 185
135 -472
449 -406
-182 -371
277 431
215 -404
-390 -87
-279 295
71 -458
-19 65
-402 86
242 356
332 409
-113 -148
-269 227
-266 276
93 -214
329 -304
357 471
-414 50
-96 -261
335 280
146 -467
-299 374
-314 17
-164 -144
261 434
228 -309
443 -405
318 164
-66 491
-466 -127
457 -289
-416 407
-264 461
216 300
-419 -10
-10 294
-422 -278
410 499
-144 43
-59 114
264 -149
224 346
71 -49
384 -398
359 217
-134 201
-36 56
-340 199
100 -405
181 -469
43 -298
-347 -122
-315 -421
360 400
-483 148
438 -95
446 -80
-329 -341
-64 -27
-210 14
-42 206
131 92
-387 244
-219 359
7 241
192 -273
-239 115
27 -48
130 302
301 -293
-499 117
-134 -28
160 -134
320 -204
262 180
167 160
338 -175
-264 442
-323 -44
-132 390
442 -288
273 472
-288 30
441 -116
-72 499
-165 350
216 -242
-10 275
-282 321
3 223
9 117
75 -448
-76 -309
-63 211
396 -104
465 246
-259 -272
296 182
-160 -33
-82 -206
-16 -277
106 87
269 438
-28 -474
248 -212
97 -229
408 -417
-230 150
332 -245
-234 -273
-486 -209
346 326
-176 344
374 337
361 5
-54 250
-446 94
32 48
5 246
-101 117
230 -285
-247 -129
-108 -61
-331 -405
226 378
-200 151
-257 -375
449 246
267 97
2 250
227 16
-363 -499
246 211
-385 424
40 -171
-212 -112
335 -113
-29 253
397 33
-117 277
158 -441
462 -63
298 -57
405 374
-235 -142
148 135
125 130
-432 -223
-445 -221
166 7
-42 92
-114 -105
-251 -432
-473 244
363 -496
-316 37
335 475
-48 214
-331 -223
239 -10
-401 -92
397 201
480 -39
242 295
99 141
-458 -115
-385 -37
-471 -54
-386 -179
-490 -460
-34 249
41 164
15 -58
-217 335
310 -50
437 358
-295 471
108 -207
220 -315
91 184
-388 -414
-90 282
298 161
-179 -7
-341 -41
-448 133
-115 -277
81 -72
-124 -353
242 90
-354 79
-351 191
-165 106
-47 -378
241 271
-292 322
415 -262
-18 254
105 430
259 276
195 -139
131 383
-231 102
165 283
-49 455
233 -199
140 -268
-13 -353
165 318
149 391
-289 406
380 271
484 164
14 385
330 236
498 180
-40 352
-263 178
-230 -108
-493 -69
-377 -363
-331 -381
458 339
418 407
454 482
-9 246
301 339
91 341
147 72
343 163
-458 136
-342 71
-496 -104
169 79
-224 315
-443 258
398 -430
5 -169
-234 55
446 -472
-417 382
-449 90
117 110
218 -474
-149 311
-152 372
276 413
252 -466
36 -404
-461 404
-285 -77
-310 95
-334 -427
-455 487
-495 -178
-105 352
-448 444
-18 -38
69 -290
-400 265
397 -95
-47 165
-426 -96
23 370
-116 -36
272 -158
411 -243
-93 -207
173 -393
138 -462
83 -159
-410 -95
249 266
211 432
270 -4
237 -18
473 213
-69 -244
-22 -292
107 -174
424 385
335 -318
31 -120
207 82
-219 -264
-361 -356
335 281
-343 378
88 14
-29 335
7 -174
316 119
308 293
195 234
-57 337
365 -240
187 -224
-494 408
150 -250
-255 474
-265 -480
-47 68
89 115
298 66
255 175
115 386
-120 221
357 495
134 399
360 -108
-15 -64
-331 -493
-199 -116
35 414
444 89
-58 -178
485 29
-155 -494
374 -71
499 27
55 -209
-72 -491
239 209
408 -352
274 154
-267 168
-461 128
-135 474
-396 330
286 -111
364 6
353 -417
41 188
79 487
261 -388
-141 415
-195 146
65 499
35 221
-20 488
5 160
88 261
-6 64
285 76
-206 -126
-56 374
-321 338
-201 332
-51 94
411 -485
-426 -28
-253 -329
170 -199
382 -436
109 -467
473 409
480 251
-126 366
-155 60
220 -129
269 246
125 -110
-20 241
-300 461
-120 -493
-138 -197
-275 133
-469 33
-83 -10
292 -101
230 -474
-464 77
-116 -251
24 -369
385 -372
-89 -480
58 452
-218 118
-60 319
-433 173
246 204
296 487
33 -442
-366 115
-146 -57
363 224
430 -167
-71 -61
-400 230
-232 -217
-450 -8
341 493
9 371
236 61
-177 346
-129 84
321 23
-456 190
-486 -1
369 -59
-131 189
-334 50
-330 -162
227 -452
-444 101
307 111
133 360
384 367
283 179
-457 205
-483 -221
-98 -15
-79 -291
-56 -136
-192 -416
169 176
163 -143
242 378
301 -162
-32 -65
225 -396
112 -73
-75 -148
262 125
350 -44
-274 367
375 59
66 76
-60 -233
334 183
-212 -270
-184 -109
479 -95
403 -233
139 -121
198 469
157 -422
-375 -434
111 -123
88 -72
-3 310
-381 82
140 304
-108 430
52 67
291 376
-283 -237
214 -201
337 -105
429 34
161 -77
-74 157
-85 159
-444 388
-199 217
93 39
245 -15
252 -322
20 -148
-204 295
9 83
126 -66
324 -4
389 20
106 217
104 19
270 -320
-24 -280
-328 -380
-182 -222
-195 409
-441 -333
272 253
-374 277
152 253
314 22
-127 350
-111 367
495 189
484 -455
-303 -439
-53 -183
66 80
59 446
-386 63
363 -392
-141 -258
492 -109
493 -478
-219 485
-169 -187
-203 140
486 3
-102 -21
48 319
-238 -457
-434 -250
-16 -147
78 -271
473 102
4 121
343 77
-375 110
181 201
-364 265
-275 470
49 -21
23 353
-1 244
-326 -437
-273 -424
-392 -179
-287 440
-27 270
-7 221
168 25
-350 -438
-51 -126
-71 235
-430 -46
-490 -216
201 -111
-273 182
350 468
-123 -128
9 471
-262 -398
-242 -172
219 350
411 5
-37 -405
449 30
-95 -245
39 247
291 211
-45 456
466 -248
226 190
-56 -392
259 469
-105 55
431 -458
147 19
67 188
-293 -198
297 17
-467 339
-260 -498
-32 362
-189 395
157 -112
-248 115
-136 -398
-215 -388
244 -416
-114 213
-395 489
204 -55
-214 365
-487 -372
114 179
-399 291
-58 -307
-183 -464
279 -351
362 382
441 329
264 282
217 204
364 -117
331 190
414 -268
176 238
95 -201
341 463
190 -180
-81 233
-439 -166
126 -423
111 101
127 478
-404 225
-89 277
380 414
-260 192
419 -475
70 -278
221 -71
478 198
-391 -215
-266 281
83 309
146 -219
155 -321
-355 -105
-128 37
111 -221
152 268
-435 462
-124 143
33 -203
-88 79
-444 156
497 -347
-463 97
218 142
44 -229
-8 47
-101 237
324 346
-172 463
234 -105
-161 310
104 -194
333 59
-352 -29
-63 -382
73 116
-490 452
-445 87
153 263
434 63
-488 100
141 -143
-405 -150
287 450
-142 -383
-10 332
-464 -31
98 302
228 -56
349 -93
-215 103
458 346
-214 -405
360 133
89 -263
300 73
-114 -430
276 -111
-68 -5
328 384
-395 -21
411 433
411 447
193 25
-191 131
-405 -361
329 170
-279 -54
15 168
240 -99
-435 -426
396 359
-272 -26
407 -410
164 367
107 212
428 -301
-164 74
196 39
-174 -91
-374 467
-98 446
-422 -286
-454 350
-255 -284
134 -343
-483 434
384 162
-93 402
67 -24
288 -171
172 -152
-468 -279
83 180
426 -174
-102 183
-210 405
-354 -308
-321 -403
221 266
29 90
-86 -401
-226 87
-29 453
254 176
177 -350
-157 -302
-276 -186
448 -184
-139 -181
199 147
256 -496
-403 345
410 431
208 -207
-241 -152
252 -434
-273 69
15 -414
-335 311
-414 -171
-135 424
-463 -114
198 -381
-235 49
119 401
-81 -238
16 -474
199 -327
143 -381
487 -153
252 -324
417 191
464 245
-144 -480
357 409
38 -470
254 -380
81 192
-208 -190
459 453
-350 46
-349 441
-399 -434
-322 -361
-16 -334
494 453
223 444
-296 -194
-183 496
18 -451
-340 137
-343 -358
76 -390
-137 490
394 -140
4 253
242 192
208 -405
260 -448
-177 -303
478 -134
-41 -192
-128 301
14 -24
-232 102
443 -346
228 -9
332 234
299 403
-334 133
414 -219
-424 6
-151 342
47 158
62 213
-339 261
14 -207
-72 454
147 -92
-258 449
-421 409
399 201
-385 -41
13 365
-11 -123
-70 466
-309 41
43 -280
-107 -316
164 427
-344 -408
-276 -282
-296 37
346 -445
-41 344
488 278
103 -323
239 -445
-118 391
76 -195
96 301
-487 352
-391 215
391 137
-365 97
-382 -219
-450 -353
85 -97
-434 -245
296 438
369 -310
303 38
-182 -435
-51 494
37 -473
65 258
468 -213
112 129
209 304
435 -230
52 166
-62 218
8 171
-207 402
-31 -198
401 351
-407 420
-342 -191
371 89
-327 168
-329 480
-235 260
456 -299
-418 420
-350 19
-1 33
464 -429
419 -116
181 -405
-98 -67
17 58
-482 222
-266 179
-198 271
380 -15
-215 251
498 306
38 411
-83 -98
243 -7
-250 481
-244 408
319 -289
-19 442
-122 296
318 -486
318 -107
-106 -269
250 25
294 -296
-269 -149
-481 -370
116 396
-473 143
212 -196
271 -96
-397 -86
153 437
409 -221
241 468
491 -247
-280 -9
216 232
473 470
251 -114
238 452
-183 10
-126 105
478 86
485 24
-333 79
379 -415
34 -51
-50 -198
-43 -10
-27 290
-236 391
-131 350
254 262
359 -449
130 -366
50 228
230 -196
-61 460
-344 354
410 382
346 193
-402 -243
379 -374
220 -290
-308 -415
420 -84
97 -30
300 -130
-447 -43
-111 230
7 -292
-309 -194
66 -399
-431 231
-159 -419
-123 450
355 95
-271 282
398 162
-423 -263
-386 -173
211 -198
473 -39
-139 -337
-335 -451
254 284
50 28
-32 27
-76 -438
-292 330
-422 490
-458 -478
460 68
-38 -455
-29 109
-280 -478
155 5
212 -308
-234 -59
481 -328
-122 -473
-121 167
-454 -381
161 100
-91 335
-164 -275
300 47
70 -273
7 341
-349 -390
329 -269
118 -389
-445 -338
-322 -62
198 -107
-369 -21
288 -293
114 -448
-328 -319
-297 -169
93 -337
-246 -240
-443 -212
-28 258
-462 245
-388 -10
57 394
-211 -229
254 135
26 180
-118 -254
-209 -41
-114 -376
-63 -440
-43 285
265 326
52 475
261 299
253 194
-232 -327
-434 -406
-180 179
395 -123
-404 210
427 -216
134 -262
281 -5
-175 53
9 -393
92 61
-185 -88
63 287
330 259
86 -114
-354 -383
-173 366
410 460
-54 -109
167 130
-52 -335
291 -8
-420 381
-19 -383
-162 -165
-111 -225
177 -159
246 449
-70 252
-489 61
-421 50
-121 -184
292 -208
56 476
-407 285
317 209
259 470
262 168
-436 -373
-84 155
-219 -54
334 -263
258 435
-92 -343
473 124
146 -348
-138 -235
-17 -40
387 -226
294 -238
-250 200
444 116
-437 -206
260 207
-484 -323
-89 -134
-386 -142
-416 -340
-442 58
-193 239
308 102
-244 -410
143 -311
-425 -144
-119 434
-115 -3
-357 -234
198 -48
-100 -363
-60 334
262 180
-322 -122
146 -125
382 201
-234 -88
-464 236
436 -244
133 228
-372 -236
391 -47
316 -205
-443 118
-112 254
417 -232
389 368
232 28
90 -465
-23 -42
-272 134
-486 -424
-271 -124
343 400
-136 -51
-195 405
151 312
54 107
87 -127
78 316
-437 -312
-243 -287
462 -351
494 258
-90 -179
-240 -181
257 -95
194 256
-313 -186
-404 354
144 145
-197 -478
-456 -61
-458 -187
127 -412
183 -424
-90 4
-4 118
327 -486
-337 -448
404 104
-206 -492
-61 222
-89 202
-119 -426
15 -406
-324 -56
361 234
-275 -369
181 -257
150 -76
-422 -327
-440 -110
-435 -51
273 289
-429 229
339 127
-264 250
-472 483
121 469
-59 148
439 -438
-363 -294
-251 454
-384 -341
-44 -326
-285 465
237 -360
-86 250
-289 -418
131 -328
-375 -438
484 -151
130 444
-144 226
-449 -166
-338 -184
61 -433
-486 -73
208 -115
296 -25
435 -442
159 -141
-359 -3
226 -332
339 34
277 -42
435 -314
230 -248
336 -173
-471 -22
-333 96
65 -230
-39 332
-428 168
-286 24
-458 -253
74 -478
128 355
238 -409
450 -288
-295 193
-65 -30
111 -79
201 -77
370 -385
237 -61
-333 384
-200 418
339 447
-311 355
-486 -377
-247 -177
-319 263
-184 31
443 -473
234 398
-47 -342
-430 438
-266 -315
-354 -494
-401 -177
-325 68
488 9
-22 153
-253 448
-245 177
-174 -79
-439 -429
183 -276
495 -200
482 164
153 191
274 134
493 -383
424 -120
43 -443
281 -284
-76 -1
-198 380
-361 277
-376 -256
202 -237
-400 255
-474 -497
-371 -350
211 175
-223 -345
-57 73
-178 -36
-439 131
-500 434
35 348
254 -107
-465 355
-448 -71
-248 383
228 383
76 231
61 -88
369 -349
-45 265
94 -270
489 407
36 173
-437 -331
-59 204
-212 300
-349 368
247 -405
-324 -336
-348 39
444 208
5 -412
-333 -393
401 -491
-495 -87
-104 48
411 282
389 -207
-396 -414
409 345
356 -154
222 -75
319 107
-227 291
-482 -484
191 -461
470 220
456 343
441 -452
149 -257
428 -89
279 -177
-312 323
57 -499
-308 99
-17 -203
-293 275
199 280
354 36
-284 -131
109 297
120 -210
107 257
490 -218
191 -299
-271 353
360 244
-208 181
-293 -482
-110 376
-17 430
-401 -134
-23 339
256 300
-390 352
-345 -23
-74 -117
-181 -356
-498 387
-397 -22
-160 30
168 305
-348 257
-16 -38
371 -263
160 -437
468 -206
106 199
-281 342
440 -198
-99 32
-73 -272
-177 -334
71 -59
22 235
-422 -70
-29 437
-357 -273
345 486
282 316
-49 125
397 133
122 456
-240 453
315 92
-176 457
261 100
44 -456
489 -227
149 -14
-283 314
376 487
-462 99
354 137
461 283
-484 173
-447 -438
-314 86
-165 408
-312 130
-18 -404
271 -295
472 4
157 395
213 -163
421 10
386 -50
365 -192
20 160
-172 289
10 120
-74 -228
112 -336
-162 -114
246 386
-269 280
-231 135
-98 -157
232 -224
-173 -207
-423 459
438 -363
-27 -337
16 -171
33 499
-222 -137
-89 124
-143 202
164 -218
451 390
211 -146
297 495
322 -275
93 -370
452 335
253 96
303 -260
81 -45
-290 23
-22 -201
257 38
11 -71
-165 9
133 -210
309 -458
-315 -387
266 -445
-264 -323
123 118
11 -246
-205 -46
44 -94
-363 59
253 -19
-259 252
306 276
-28 359
56 25
136 373
145 -288
-485 -2
421 -428
-301 427
-189 44
-286 -198
-384 63
-393 25
-321 207
-35 223
-117 -342
426 -304
-71 366
-478 -377
-463 -154
-83 -367
461 -312
47 15
99 138
-58 -316
152 356
-223 304
358 -362
-321 -404
-417 453
-266 311
-382 91
-123 281
182 485
84 422
261 -215
426 397
-173 -249
-233 425
182 415
-285 -497
-200 -317
-481 -183
474 415
-213 -5
-484 -282
-9 -324
203 -154
350 -408
346 360
-32 -149
364 393
199 88
-144 -60
-92 27
-146 -101
419 108
434 -125
-484 341
-1 -440
155 -491
-283 81
-150 -362
-131 -114
-146 -204
-500 263
-217 280
7 -82
-316 -213
-425 -321
230 -337
397 -449
132 378
-89 395
-56 76
451 403
-9 244
-5 239
22 -283
-127 -368
-389 -49
-27 -222
202 43
-394 -464
-223 -377
110 -367
398 371
-423 490
-81 -453
190 -52
275 494
374 199
183 422
101 127
51 241
263 -330
294 231
197 266
31 445
-400 352
-338 -318
-163 -455
-166 -304
186 -236
-403 -35
176 317
-419 -198
-127 -100
-165 156
428 -471
313 273
-194 -489
24 165
475 -66
144 -170
454 -371
131 332
165 471
-132 -82
41 118
124 337
412 366
302 178
308 387
36 141
7 -227
-216 311
135 -405
-329 401
-176 -466
243 -490
423 328
33 135
-18 244
123 356
-19 -313
214 255
-221 -33
174 -164
-474 -301
320 -269
279 -36
272 -111
297 -173
21 -293
-405 -134
300 20
-129 -410
466 -185
-457 -178
-4 -129
-161 25
198 405
-159 -467
-343 -297
-195 440
-372 323
53 -351
47 -27
-498 -160
-262 317
492 148
-14 -219
-460 316
-180 -471
56 23
-372 -401
103 167
-304 -247
483 315
-136 273
135 -171
121 -372
-231 156
-205 258
76 346
-32 -306
-391 56
-378 265
-385 -135
350 467
320 -387
245 -156
398 -1
467 -304
-298 -248
-421 -78
-485 -331
-310 90
150 95
-124 -119
-227 -494
291 -467
410 -376
233 -176
-234 415
-208 78
-122 80
111 -225
-124 -207
48 -255
-384 213
-272 362
465 -174
95 -292
318 371
-463 -246
138 -32
188 -182
-328 19
347 300
-405 52
233 217
122 -256
458 351
81 -428
-369 357
-109 360
208 98
199 -86
288 427
-367 -47
-237 116
-286 -172
27 -362
-286 -295
227 322
165 -382
187 381
220 -11
22 -443
-210 42
224 323
-497 459
-117 -343
95 463
36 -170
-395 175
-190 -304
206 398
-241 -439
169 -22
411 317
165 -136
-20 474
421 -201
42 401
-365 122
490 -388
-262 140
425 -175
-312 -248
-236 142
-316 439
366 13
13 -258
226 -278
212 -266
-135 194
-254 61
-171 39
-484 -242
-273 -86
478 -284
-17 368
-338 -435
-62 175
-253 -27
-288 226
238 -24
-74 -388
-73 68
386 202
-437 -299
-402 428
-244 395
70 -203
74 282
-211 152
345 177
301 -162
418 261
29 -459
-337 -162
-456 355
-127 -383
188 -172
204 104
88 -280
-210 -24
-414 209
436 265
-377 -197
-491 -381
444 428
-277 -465
237 -322
463 -413
-188 -221
292 -29
-492 209
-257 -204
350 -50
261 258
-4 -131
470 181
76 -175
489 -409
-400 -406
15 313
107 -154
-44 343
398 -278
28 -263
-99 -463
186 -252
-29 107
79 472
349 -103
209 -78
-339 185
258 309
54 286
-221 -99
-376 41
96 -187
4 -467
389 -167
-486 439
-343 -498
-120 -283
-478 225
423 10
194 -259
-375 7
89 401
-475 75
354 -47
-66 389
330 -453
48 193
335 -371
-211 -126
-475 -82
-33 408
-257 -494
71 18
-61 -326
470 285
407 299
121 -291
99 -483
146 -413
39 -1
477 192
399 257
-496 -262
92 -429
391 -187
28 260
-273 -85
-84 437
65 -378
-226 -185
-391 -291
118 370
215 -307
137 -224
-99 -54
-168 -295
339 311
-367 -256
280 -229
271 -187
242 -220
259 -491
-352 -109
-417 421
41 -246
-112 151
-71 39
82 -143
135 27
-104 -410
248 -363
157 216
-150 -392
-298 -216
28 -143
-99 -26
234 -495
-313 402
-480 457
-168 -28
-491 71
278 -166
2 -109
323 -336
306 -481
-185 -403
-3 367
277 75
-296 365
-492 -457
119 376
138 490
421 -250
-124 -145
395 184
136 -18
47 309
119 208
159 241
-115 -172
-337 295
-85 426
335 13
48 -450
25 -433
-477 -330
129 -329
499 199
-154 -397
298 -314
56 183
48 291
-294 -483
460 -286
-263 -30
-143 205
-242 -269
-202 236
-415 -425
-179 79
-242 111
-447 165
181 -109
-278 477
-428 439
-69 462
-473 414
-50 402
91 -330
-362 -320
16 -268
-75 -78
-370 -407
279 236
-63 -330
-450 303
-129 283
-376 -84
408 198
-90 436
384 -278
-338 -128
-62 -386
59 -371
-235 136
131 -214
379 497
-390 -155
111 115
390 58
-241 -311
-54 -99
-413 -163
-26 395
-483 135
-233 460
-375 149
-333 188
-409 62
424 -286
-386 -484
-363 64
155 -455
33 -124
290 -312
-389 -314
-244 -200
393 -13
-77 -316
293 -39
-382 -281
61 -99
-336 343
498 337
430 118
459 -326
14 -199
371 433
7 466
376 -416
279 401
-362 455
112 -213
-429 479
-82 -103
484 96
-465 -419
392 -386
356 -144
459 369
-192 -313
110 29
-330 -321
-307 166
312 -370
-343 -424
-19 269
383 -409
346 -325
-8 -37
101 -221
-334 -138
-106 361
496 424
118 400
-162 146
-284 216
456 266
238 -2
-286 423
85 485
258 -34
-443 236
-26 -100
-77 103
-232 -403
327 26
409 -20
-204 -453
-131 -37
390 384
-397 -43
-445 465
408 147
-299 71
228 180
-321 21
397 296
-42 -362
219 -385
410 -280
76 -27
173 263
264 -478
-316 404
143 -241
99 375
170 -326
-403 275
176 -138
300 369
10 373
-74 312
-183 -80
-375 -188
-90 -448
-448 20
226 189
-225 41
231 -89
475 275
-217 -316
-266 173
-293 289
289 493
103 -52
-470 293
284 449
-239 -331
-66 156
-442 -283
-177 111
269 -259
291 -388
292 376
-474 228
-108 -488
315 -495
-194 435
63 450
-48 -185
-171 69
448 170
258 50
-471 -211
-308 292
12 -223
-353 115
48 235
248 -423
373 -324
45 138
133 84
-132 -201
316 48
-468 -380
-151 -287
-406 -303
-402 256
-180 166
213 375
-133 -110
35 -191
-180 -258
-142 -140
367 389
-7 -186
437 423
-498 -34
171 110
55 -171
-68 152
349 -28
238 -193
-453 -497
-157 374
206 443
371 13
164 92
464 -250
2 -406
290 160
81 285
-204 -13
-288 446
247 486
-392 -248
-11 -250
-4 -313
433 -424
423 -208
-123 137
-461 321
412 156
495 66
-87 -444
496 421
-49 -334
428 -415
-333 -376
115 125
255 -57
-185 -277
-351 -226
437 499
-85 -316
-389 394
227 -423
421 -118
30 392
-389 -364
257 -73
-306 -133
424 258
11 -165
-422 477
238 -318
421 -232
-229 -426
70 168
-200 127
20 315
-249 -187
-354 92
163 309
-135 457
-343 -439
494 -247
-110 -458
-460 185
133 -382
-494 41
250 -195
32 219
-100 -401
-138 -237
15 299
-316 157
-494 -286
-436 43
254 99
-75 126
33 369
-158 272
252 365
-430 40
-413 -90
-127 -67
422 31
-25 -178
-421 256
152 209
487 -409
-92 330
101 -80
-65 -394
-410 -478
-21 -87
162 213
268 381
357 -199
12 309
261 -80
321 425
-261 -97
-492 306
-488 392
443 112
-270 356
-478 297
248 -49
-147 309
-62 -299
-303 296
-276 -60
-348 -440
189 89
-199 56
458 479
240 -396
288 45
414 -330
-341 88
-239 -407
432 25
-273 -349
-318 24
168 104
-293 -239
48 28
192 -442
90 -359
-397 85
-367 -221
-421 -349
168 216
334 161
381 -348
234 -417
-191 -269
385 -426
-212 -440
-69 -254
174 -242
16 -320
369 -171
-170 -461
197 -120
-137 -115
-428 244
47 -339
160 -413
-219 -36
-143 -278
16 45
43 -344
92 -476
31 160
-452 189
153 -72
322 -23
291 -77
157 284
200 -420
411 434
-486 189
-225 124
-48 -298
172 13
426 -143
267 -430
63 -82
393 -294
-78 -445
-427 -414
64 390
488 180
-419 -194
-50 -184
144 238
-444 -13
188 388
467 -112
-272 129
460 -123
272 -231
-189 -49
221 118
73 496
220 120
373 -136
83 272
-445 433
-463 -363
8 160
454 398
21 41
152 -183
-382 -270
423 -444
236 -29
108 -326
194 139
-378 48
-212 119
52 -32
-195 -121
370 358
435 425
358 153
460 499
306 260
396 475
335 190
444 48
-345 -441
-499 487
-220 -12
53 -217
-24 316
-399 -194
-156 -53
-252 -121
-235 479
-321 -148
4 -478
-382 409
324 144
217 -55
-39 489
490 477
255 -167
126 -71
201 166
215 -79
-180 418
-15 101
387 -359
-125 -423
-140 -339
-448 -208
338 -48
425 -70
349 -47
125 115
87 436
-444 -426
272 -109
-304 114
-116 -367
365 -173
299 -31
283 -140
-463 -94
346 148
391 -26
117 31
-478 -149
473 31
-333 249
-296 34
-97 -283
-303 61
-32 437
363 169
-365 85
-86 -67
-157 -62
16 252
-482 29
-120 -143
-386 -317
-81 -496
-453 130
-245 -393
-449 -58
-359 -11
131 293
-238 -415
56 223
222 -2
168 -350
292 -171
333 181
343 -244
-382 -124
221 -266
2 -133
373 156
-227 -26
-321 482
-278 -471
-431 348
-375 -141
390 490
464 -343
-223 -414
-279 264
-277 -427
-438 138
298 -371
189 -27
370 438
169 -40
-232 -295
-375 -464
-252 -359
347 -302
455 -440
-461 -151
-58 49
337 266
406 228
136 62
456 -155
73 137
-378 437
-48 -111
-417 86
20 -184
335 257
125 -67
-277 -469
-423 184
-20 79
392 -339
338 -307
265 -69
-110 228
-380 -314
227 91
-375 393
-371 63
225 -72
-93 -40
140 -124
179 388
-406 328
-148 -472
14 -388
-305 212
-496 289
-450 -175
-348 424
-262 -91
278 -133
-151 -340
-293 343
464 -375
361 -49
267 -209
-68 44
289 256
-152 -58
-368 473
495 25
268 314
250 459
-323 274
-451 69
455 -125
-49 393
-113 369
-1 -341
-390 368
-35 43
-89 -9
-336 -151
160 96
356 -407
-156 -14
-73 106
-359 -416
-189 378
57 -381
-138 300
386 221
320 -316
-101 -376
-155 -118
-452 -497
-211 70
-275 -30
-360 387
49 221
358 324
264 -340
409 -198
-343 -165
291 370
-221 414
-469 316
181 275
-195 -257
-487 -131
187 -130
444 311
-360 -69
-358 11
-375 13
154 -221
-115 -378
-459 264
-417 232
213 -63
473 -79
428 223
-254 -124
-342 134
147 202
340 -114
-305 249
-95 -181
-310 -244
366 282
404 -45
340 406
-459 -476
192 -271
-317 490
-468 -458
217 -219
-315 351
411 474
85 258
127 -475
-143 -470
-370 132
429 -197
180 277
-210 381
-29 323
408 445
23 437
346 -367
-130 448
-41 -30
382 -122
350 -249
-445 62
260 -25
417 350
-200 319
391 -489
463 485
-443 -192
-62 -180
215 341
-427 210
-486 -230
-423 -330
-217 -246
204 117
-458 -395
-257 263
-307 -327
-488 -115
-288 15
121 126
19 -6
449 363
294 52
-414 -305
200 82
115 283
455 -447
446 -111
-369 137
44 311
-167 -256
96 -458
-330 -118
-159 20
-499 -448
-84 -289
193 430
-38 -333
190 178
-42 293
-139 -374
-319 217
-154 -484
425 -239
-203 -132
319 -81
-351 82
-375 -330
-255 -422
8 -13
-473 -384
106 185
2 -253
178 366
-2 281
494 -48
311 -333
449 -396
-58 -453
-494 -192
74 -469
238 -489
171 24
-6 77
116 191
-93 59
-209 -137
449 -450
-59 183
337 163
-203 -151
-382 430
-3 375
-270 467
-209 -468
-406 436
-338 255
-161 -307
-158 -92
83 -220
319 467
-268 -452
-380 -427
-238 -380
147 -244
-489 -500
388 66
434 304
-152 301
-100 104
-69 -319
343 -290
-368 479
-236 -494
123 -467
-244 451
-165 -306
-191 -498
63 259
-226 404
395 329
-396 87
-333 -419
494 -195
127 6
-65 313
455 -262
-445 278
-303 -45
179 -203
-495 91
-443 -119
16 470
-236 -63
-40 56
427 -42
102 -457
-112 -395
249 433
-129 -249
43 360
-125 -137
-282 69
84 -92
280 -20
158 -384
266 239
247 -320
-379 477
-181 372
-58 -204
-349 -239
-140 348
-69 470
-225 358
11 -388
-325 317
129 26
93 -28
164 -281
374 393
-164 -23
174 -208
-432 110
-413 402
264 -167
129 -456
53 111
-100 242
-331 138
-324 253
419 -323
-256 -395
399 -422
215 -329
-454 -279
146 114
-355 473
-442 262
178 324
185 14
-478 -154
435 218
224 190
95 -199
103 -272
409 477
-24 426
378 263
-242 494
274 -148
-338 40
-291 -160
-80 360
-230 -446
483 58
400 -376
-455 140
-439 205
206 71
-276 -392
63 170
-315 -218
80 -381
-120 -125
343 -208
-282 365
159 -75
279 113
-473 166
-119 -197
109 399
319 -376
-347 -53
-298 -186
254 178
-60 -137
-482 358
9 -383
-187 440
427 -127
-344 454
252 -15
135 208
-57 -280
-303 155
60 -463
358 -139
439 183
-2 -230
-160 55
72 287
-162 -226
197 -75
141 125
238 192
66 -302
499 201
140 -351
437 376
-498 -174
494 94
426 213
-480 2
432 -221
332 -150
-249 327
116 61
-381 -138
-38 7
-368 -158
99 -4
-210 101
38 -208
-99 -244
-175 271
-373 -159
46 256
196 -250
98 -193
73 -25
471 -372
-68 -273
-246 -482
427 493
-489 243
291 -463
123 396
-2 -86
-493 -347
312 98
-189 -149
-369 252
-150 345
-463 228
-492 -388
83 336
63 -418
-25 46
338 -208
-491 278
-397 475
-283 369
256 288
427 -486
-263 14
172 467
-412 -339
465 91
232 -127
-286 120
454 105
53 -488
356 160
423 4
-332 -92
-479 -98
366 -187
-233 -342
121 -80
-243 283
-377 309
-390 -256
-438 437
258 471
-183 320
-57 -336
-216 94
216 230
431 316
380 -287
-471 473
297 135
223 -126
88 -276
326 -109
307 -8
199 240
-294 40
126 195
10 279
365 -99
-233 191
98 274
-21 458
-34 -32
-24 -250
-81 -247
-230 -480
-264 474
-183 -256
463 227
-194 182
24 247
-133 395
120 142
-104 -284
-67 338
-13 258
444 -74
391 -451
-62 78
361 386
-17 -174
-409 -318
-8 237
417 125
268 -234
-379 -361
258 -492
222 -399
303 -36
60 -57
317 -342
-413 318
-14 372
94 460
36 -57
-483 -78
198 -259
484 215
450 73
-100 -234
237 -7
66 429
165 226
84 -465
358 439
-399 -115
-202 -371
-407 432
206 17
-235 -62
274 -77
-496 78
187 383
-58 -75
211 -471
-133 -109
-281 105
-360 129
172 -177
369 180
-197 417
475 -387
479 3
-380 483
-470 62
-453 -82
194 -476
170 -219
-231 83
-456 -222
46 16
148 -204
182 14
-153 14
143 -249
154 470
-442 401
360 -487
-209 213
173 -155
181 -348
-33 -297
-301 -5
195 274
282 -373
191 60
95 399
-150 -288
183 258
-124 -265
350 23
359 -464
-54 -128
133 -126
-317 -353
-424 -197
97 -268
196 304
-276 -320
381 -173
-162 18
252 45
362 403
-18 -283
-18 -196
339 354
333 206
365 142
304 -494
-54 -301
46 162
-53 475
-142 47
-474 282
364 77
425 -258
-166 340
432 -61
-217 489
320 360
445 484
85 -378
-360 67
-447 410
-485 -402
406 -112
319 180
182 -270
408 -17
105 482
347 188
-441 157
117 142
142 -360
30 -414
-362 -201
-386 -331
-165 99
-266 405
-445 172
-30 398
121 200
-283 -289
-15 -189
-474 476
-219 479
369 -115
359 -395
-31 6
359 -499
-299 -304
-264 59
-231 248
-274 411
-457 -298
-181 205
-395 289
-493 116
-80 -94
251 60
-239 62
-327 -358
287 23
448 337
-482 277
403 434
-210 -271
-467 339
-265 403
94 -101
-149 -115
217 389
-332 415
-53 -325
-231 204
-74 301
211 109
-129 -173
-348 372
-356 -369
130 -28
490 -162
-15 -417
302 16
415 152
-453 469
211 -134
204 -221
-280 -176
330 174
31 191
-160 -72
283 -183
-267 449
-55 -12
345 -217
-209 -366
-356 -327
132 -167
203 337
-279 -122
-339 281
-202 -459
125 304
-368 -139
-488 469
170 -30
-286 42
466 450
-412 -284
-195 301
-464 -342
261 174
88 389
313 39
212 423
414 28
283 287
485 -49
-92 299
-179 468
-147 367
-190 325
-380 317
254 -127
267 -211
336 32
-375 296
-390 -430
-449 223
-305 -255
497 338
-203 -116
-2 -306
303 422
369 277
478 422
217 -460
272 256
-19 -327
-239 316
340 156
34 -187
-396 -88
-312 -371
34 442
-17 407
41 17
-50 325
-410 -266
-252 427
-20 -146
411 99
435 -155
35 211
111 -402
339 308
109 -440
92 260
353 291
190 -473
-266 100
-264 465
-50 -195
-431 295
-349 -336
476 -42
492 -411
436 172
380 234
44 -378
440 -477
186 -254
-80 -462
397 -330
335 232
-411 -496
358 -27
210 343
-18 453
359 106
205 -236
72 152
-149 378
-318 447
-412 146
-134 369
-479 -480
48 52
11 -118
-3 321
-97 -432
436 -368
-119 166
357 377
-286 354
-433 134
315 -127
47 -337
-417 -401
-412 -202
403 46
69 -452
-278 -234
213 -444
-33 -362
-131 479
-471 -157
59 -185
478 39
58 -344
-391 -229
290 355
14 -216
-391 -403
337 193
-326 159
-95 421
-155 -296
-398 -83
279 -352
-429 185
-84 86
-195 8
98 93
-170 439
-416 -286
21 -87
399 -191
-162 -384
-105 -264
-352 -181
-67 -396
374 -216
83 363
307 -36
160 18
-191 -151
-494 -464
443 119
274 498
-111 -457
439 -464
-116 -141
310 -96
291 -22
200 -382
-130 235
275 -500
129 439
366 -497
-437 76
80 257
471 55
400 -28
-262 409
82 -498
-193 14
-480 -141
-209 330
287 -424
381 -195
-252 458
-455 145
319 -185
-309 177
-330 -454
-477 292
269 485
86 178
53 217
-356 -482
-438 338
239 77
186 -439
382 222
-397 434
-381 -14
460 455
34 -410
294 -420
-380 118
204 -98
-77 -171
-423 189
-386 -77
313 81
463 -43
-397 -164
115 -325
189 44
257 70
377 -156
23 -495
-50 491
49 321
-22 197
-324 336
-433 -343
386 -226
91 -309
-177 17
-203 283
-380 -353
-364 -34
-439 313
-254 386
64 283
-263 -456
-193 297
229 197
-274 196
-78 -103
-110 228
287 421
122 -72
284 374
-320 -91
208 -169
-110 -84
101 454
-22 -481
464 -115
-430 212
-108 100
-308 -142
-234 -115
17 244
-9 -256
496 453
-411 -55
225 -109
-365 -242
195 374
-286 -123
-61 -269
287 -66
-498 76
415 -180
-32 314
361 -318
438 246
427 83
-471 371
-104 99
-468 -311
-376 -268
-320 -258
400 123
-194 -323
179 -443
-219 -300
-207 332
236 -440
-168 151
266 220
208 288
236 -302
-229 -465
455 -343
357 224
471 -360
240 -264
287 -334
-317 -346
226 -358
-372 -9
321 -392
-5 410
326 37
-127 -178
-176 203
-190 448
-448 321
-177 -31
-125 -178
174 -320
289 267
-91 356
270 254
-99 -171
-329 -420
-220 211
47 111
-418 295
346 -336
165 457
194 175
86 129
-416 -63
-3 26
-11 457
-76 -141
2 -142
336 -256
437 275
477 265
92 -172
-253 -230
-129 40
-447 410
-87 -212
-279 -336
207 223
-500 291
269 394
-129 328
-419 330
30 -478
289 -116
152 196
-285 -400
451 -429
179 49
-126 362
-15 -436
220 317
379 79
255 35
-111 308
364 30
47 333
21 484
91 386
-76 -45
-361 -319
-386 296
385 278
-128 -439
-414 -140
-336 -28
-460 330
440 103
63 233
-130 306
78 29
-1 274
93 186
-122 -217
310 137
-113 119
-492 75
-255 -228
151 -235
331 276
10 -332
14 -271
-263 91
-157 -240
-441 435
-329 -499
-265 163
-196 -217
321 104
338 -273
151 -426
206 -33
88 375
425 -127
-235 -380
36 -339
347 210
50 -257
432 6
448 40
-343 197
152 -444
475 -107
-276 381
145 -432
225 38
-354 -206
17 354
307 456
-2 -243
-365 347
204 -277
-468 406
62 112
-167 108
-28 -169
190 -18
-29 -376
-500 -260
-218 260
-282 -223
291 418
179 300
1 431
132 -20
-263 -199
-480 91
-406 301
-65 39
266 -158
268 373
-479 -146
-274 350
480 -161
128 -65
242 -324
-304 260
-15 -283
253 237
-387 488
197 -133
305 134
-163 -132
-186 -163
-38 77
-196 463
416 -352
-26 -109
265 351
493 18
-432 351
-480 -283
-297 32
-85 -162
261 -76
389 -428
-60 -242
366 -438
50 -131
249 -398
-10 353
-250 414
-386 190
-245 95
151 287
452 194
-388 -268
-263 -392
-134 -153
60 -284
-446 -54
-365 -230
157 209
343 47
159 -406
-300 -101
-117 -129
119 -218
126 369
-85 -145
22 493
-83 -292
461 396
331 -182
398 15
-351 -56
-41 138
-76 -401
287 -183
483 68
-254 89
299 305
-453 328
449 -40
-471 95
165 194
-323 214
349 120
-365 9
-225 160
-321 -422
388 -71
-86 -328
57 -462
397 102
-96 -296
-259 286
-297 327
407 280
262 76
342 -475
-273 184
395 -391
-63 -465
-83 401
125 -238
321 -143
437 313
299 -439
-55 -259
-474 -327
277 -331
432 50
-256 55
-374 -25
93 -358
382 100
-153 41
346 365
-423 226
-316 475
-372 232
230 -133
-292 246
172 367
-363 94
-29 297
-279 329
-20 -444
158 -153
-150 -339
462 -175
177 -269
71 -211
-49 99
-156 353
183 -89
203 380
-437 -448
-439 -390
-310 425
-293 454
-181 -98
38 101
-47 -243
441 264
-249 -253
105 378
358 -286
309 187
196 -414
68 -108
-465 470
-236 52
43 16
108 99
-272 -81
-132 -51
415 -352
-453 -407
94 -317
-7 -94
-205 -432
439 173
-35 -414
-461 428
321 66
256 11
-196 -81
358 65
340 60
-394 -6
28 -190
128 -94
127 -144
480 228
20 -88
-258 340
-69 -379
-370 -262
-320 266
336 -488
-179 -60
-368 -75
-307 -358
-136 -493
454 -53
-171 -234
206 369
-368 -305
-118 237
-179 -448
219 -436
-247 -360
-326 -136
-241 184
-412 378
340 407
-247 -466
404 44
-454 -201
228 434
410 30
234 -63
55 -51
50 -118
329 -496
-302 -5
-342 -162
384 -156
-211 419
427 -23
188 -302
327 -183
-339 107
460 54
-419 327
-239 -362
-280 195
-274 449
7 -92
191 76
-93 456
-472 110
105 -290
365 497
-161 334
376 467
-154 243
-399 -51
-120 -392
-95 68
-45 -223
-161 -354
455 420
-41 -169
-99 -312
160 85
-383 429
405 -199
41 4
486 -353
-130 -417
-128 -105
106 340
-166 -251
2 -81
-407 317
-297 -58
438 28
-56 449
271 -37
218 41
-340 221
410 -153
106 91
-414 -448
141 -154
-278 -160
89 85
153 166
-238 127
181 311
-475 387
495 229
-169 -450
-462 112
-20 149
77 261
-6 299
-433 367
159 358
499 -215
77 28
-295 -275
-20 -189
136 489
-196 54
288 222
444 -53
54 192
-283 -154
243 88
-260 -225
-42 300
105 391
36 309
-368 181
-163 241
133 -92
-64 386
414 -457
282 183
163 288
-485 -118
-151 -220
-87 226
304 -197
65 -423
-486 479
-485 -223
461 444
-98 -22
-470 207
-204 -369
-226 41
223 -102
337 -10
412 -387
-370 104
47 -77
10 122
79 5
57 66
267 -119
-403 -234
-67 -7
-144 -461
102 -192
-444 258
226 210
-272 364
485 300
-482 431
-121 -159
131 217
-292 207
-9 -260
-329 -334
-10 315
-72 415
-298 -148
451 -421
354 54
3 -347
-203 -43
214 -470
-237 68
499 -384
149 19
346 -163
28 361
-357 352
440 -421
-415 -289
320 -443
56 275
197 360
389 233
218 -147
-99 355
-1 -199
233 -489
-385 -94
272 -450
-226 -151
-443 327
487 -168
-237 -116
428 222
262 174
303 -247
-108 -227
-199 323
147 -446
-318 127
21 433
256 -74
-6 -399
-13 117
204 -210
288 -110
33 -55
108 -121
372 85
-156 126
-11 395
422 298
-27 124
-356 366
-97 -216
21 -486
391 -215
411 -479
152 -144
-266 -72
472 -291
-18 -395
-383 301
-386 -298
146 -304
-310 62
390 323
-355 -395
-149 -412
404 -163
-458 -3
239 -308
-356 154
441 -314
44 -298
-187 -302
180 -293
-92 -351
-127 -328
100 -318
-453 -352
-349 -142
440 17
-315 -470
367 42
322 289
264 297
44 -437
-102 -181
-393 370
61 205
433 468
482 3
92 390
304 -433
-270 400
376 180
225 64
-430 211
-97 27
-71 -82
-9 369
229 -301
-348 -168
-412 -90
-236 -484
84 -69
-346 162
-260 -169
290 -362
-400 -153
-362 -455
195 376
278 -158
-86 -329
-70 -464
-54 197
430 -347
-160 -406
-450 388
-11 -92
319 261
434 295
-315 -352
365 432
130 -412
124 342
-426 -353
-479 106
-109 -186
359 270
-328 -201
-171 -259
-311 109
408 178
-403 36
125 83
-16 -74
-137 -337
265 109
270 133
-362 154
25 -81
-497 -90
109 343
-431 -161
134 25
-20 268
221 -254
-337 292
-53 -233
-133 -68
-458 184
85 240
-143 190
263 325
64 99
153 -412
-267 169
-412 -287
196 -282
-160 -172
158 -401
359 87
44 35
-391 162
-230 313
377 364
-201 347
-200 -365
-383 -299
96 -82
-322 -495
195 -16
224 -411
-234 135
201 -56
-472 430
-88 280
295 56
-302 -24
-154 -121
-252 -376
-481 -260
400 325
-97 -257
367 251
-446 -440
374 -88
117 407
499 370
187 -86
-54 -492
-175 -203
-405 -411
190 -441
-82 481
61 -126
-454 -27
206 51
-278 -123
468 235
-414 -176
183 349
-104 118
173 -111
350 -135
220 -168
127 -22
-12 -415
-496 205
195 100
-151 -457
472 -147
-452 -441
260 -286
-451 -389
-298 -248
-454 -203
-258 -500
94 6
380 -266
-408 -416
218 -134
-151 466
103 418
118 -496
-323 302
43 -302
-34 -282
465 -258
26 -39
72 -88
340 -97
-223 240
-329 44
-315 -235
-110 -19
-238 273
211 -192
392 397
-373 191
14 255
-82 -322
227 24
423 -122
498 347
-239 -88
356 475
24 101
364 -76
393 -330
104 133
152 408
-276 300
449 106
371 -30
-151 -462
488 -79
485 92
465 147
395 476
-362 357
-296 -425
-359 -228
-79 429
350 -226
-450 186
-116 157
-20 293
-403 263
394 24
-117 465
-417 289
163 198
90 -240
-466 306
-39 162
133 -84
-458 -227
-194 -109
-433 6
-363 416